0: {(1, 16): [1, 9, 10, 16], (1, 11): [1, 9, 1, 4, 13, 11], (16, 19): [16, 16, 16, 18, 16, 10, 16, 7, 15]}
1: {(1, 11): [1, 4, 13, 11], (1, 16): [1, 1, 3, 1, 9, 10, 16], (1, 19): [1, 1, 4, 1, 5, 7, 15, 19]}
2: {(1, 11): [1, 4, 13, 11], (1, 16): [1, 4, 1, 9, 10, 16], (1, 19): [1, 1, 9, 1, 5, 7, 15, 19]}
3: {(1, 11): [1, 4, 13, 11], (1, 16): [1, 4, 1, 5, 7, 16], (1, 19): [1, 5, 7, 15, 19]}
4: {(1, 11): [1, 4, 13, 11], (1, 16): [1, 4, 1, 5, 7, 16], (1, 19): [1, 1, 9, 1, 5, 7, 15, 19]}
5: {(1, 11): [1, 4, 13, 11], (1, 16): [1, 4, 1, 5, 7, 16], (1, 19): [1, 5, 7, 15, 19]}
6: {(1, 11): [1, 4, 13, 11], (1, 16): [1, 4, 1, 5, 7, 16], (1, 19): [1, 1, 9, 1, 5, 7, 15, 19]}
7: {(1, 11): [1, 4, 13, 11], (1, 16): [1, 4, 1, 5, 7, 16], (1, 19): [1, 5, 7, 15, 19]}
8: {(1, 11): [1, 4, 13, 11], (1, 16): [1, 4, 1, 5, 7, 16], (1, 19): [1, 5, 7, 15, 19]}
9: {(1, 11): [1, 4, 13, 11], (1, 16): [1, 4, 1, 5, 7, 16], (1, 19): [1, 1, 1, 5, 7, 15, 1]}
10: {(1, 11): [1, 4, 13, 11], (1, 16): [1, 4, 1, 5, 7, 16], (1, 19): [1, 5, 7, 15, 19]}
11: {(1, 11): [1, 4, 13, 11], (1, 16): [1, 3, 1, 5, 7, 16], (1, 19): [1, 5, 7, 15, 19]}
12: {(1, 11): [1, 4, 13, 11], (1, 16): [1, 3, 1, 5, 7, 16], (1, 19): [1, 5, 7, 15, 19]}
13: {(1, 11): [1, 4, 13, 11], (1, 16): [1, 3, 1, 5, 7, 16], (1, 19): [1, 5, 7, 15, 19]}
14: {(1, 11): [1, 4, 13, 11], (1, 16): [1, 3, 1, 5, 7, 16], (1, 19): [1, 5, 7, 15, 19]}
15: {(1, 11): [1, 4, 13, 11], (1, 16): [1, 3, 1, 5, 7, 16], (1, 19): [1, 5, 7, 15, 19]}
16: {(1, 11): [1, 4, 13, 11], (1, 16): [1, 3, 1, 5, 7, 16], (1, 19): [1, 5, 7, 15, 19]}
17: {(1, 11): [1, 4, 13, 11], (1, 16): [1, 3, 1, 5, 7, 16], (1, 19): [1, 5, 7, 15, 19]}
18: {(1, 11): [1, 4, 13, 11], (1, 16): [1, 3, 1, 5, 7, 16], (1, 19): [1, 5, 7, 15, 19]}
19: {(1, 11): [1, 4, 13, 11], (1, 16): [1, 3, 1, 5, 7, 16], (1, 19): [1, 5, 7, 15, 19]}
20: {(1, 11): [1, 4, 13, 11], (1, 16): [1, 3, 1, 5, 7, 16], (1, 19): [1, 5, 7, 15, 19]}
21: {(1, 11): [1, 4, 13, 11], (1, 16): [1, 3, 1, 5, 7, 16], (1, 19): [1, 5, 7, 15, 19]}
22: {(1, 11): [1, 4, 13, 11], (1, 16): [1, 3, 1, 5, 7, 16], (1, 19): [1, 5, 7, 15, 19]}
23: {(1, 11): [1, 4, 13, 11], (1, 16): [1, 3, 1, 5, 7, 16], (1, 19): [1, 5, 7, 15, 19]}
24: {(1, 11): [1, 4, 13, 11], (1, 16): [1, 4, 1, 5, 7, 16], (1, 19): [1, 5, 8, 15, 19]}
25: {(1, 11): [1, 4, 13, 11], (1, 16): [1, 4, 1, 5, 7, 16], (1, 19): [1, 5, 8, 15, 19]}
26: {(1, 11): [1, 4, 13, 11], (1, 16): [1, 4, 1, 5, 7, 16], (1, 19): [1, 5, 8, 15, 19]}
27: {(1, 11): [1, 4, 13, 11], (1, 16): [1, 4, 1, 5, 7, 16], (1, 19): [1, 5, 8, 15, 19]}
28: {(1, 11): [1, 4, 13, 11], (1, 16): [1, 4, 1, 5, 7, 16], (1, 19): [1, 5, 8, 15, 19]}
29: {(1, 11): [1, 4, 13, 11], (1, 16): [1, 4, 1, 5, 7, 16], (1, 19): [1, 5, 8, 15, 19]}
30: {(1, 11): [1, 4, 13, 11], (1, 16): [1, 3, 1, 5, 7, 16], (1, 19): [1, 5, 8, 15, 19]}
31: {(1, 11): [1, 4, 13, 11], (1, 16): [1, 3, 1, 5, 7, 16], (1, 19): [1, 5, 8, 15, 19]}
32: {(1, 11): [1, 4, 13, 11], (1, 16): [1, 3, 1, 5, 7, 16], (1, 19): [1, 5, 8, 15, 19]}
33: {(1, 11): [1, 4, 13, 11], (1, 16): [1, 3, 1, 5, 7, 16], (1, 19): [1, 5, 8, 15, 19]}
34: {(1, 11): [1, 4, 13, 11], (1, 16): [1, 3, 1, 5, 7, 16], (1, 19): [1, 5, 8, 15, 19]}
35: {(1, 11): [1, 4, 13, 11], (1, 16): [1, 3, 1, 5, 7, 16], (1, 19): [1, 5, 8, 15, 19]}
36: {(1, 11): [1, 4, 13, 11], (1, 16): [1, 3, 1, 5, 7, 16], (1, 19): [1, 5, 8, 15, 19]}
37: {(1, 11): [1, 4, 13, 11], (1, 16): [1, 3, 1, 5, 7, 16], (1, 19): [1, 5, 8, 15, 19]}
38: {(1, 11): [1, 4, 13, 11], (1, 16): [1, 3, 1, 5, 7, 16], (1, 19): [1, 5, 8, 15, 19]}
39: {(1, 11): [1, 4, 13, 11], (1, 16): [1, 3, 1, 5, 7, 16], (1, 19): [1, 5, 8, 15, 19]}
40: {(1, 11): [1, 4, 13, 11], (1, 16): [1, 3, 1, 5, 7, 16], (1, 19): [1, 5, 8, 15, 19]}
41: {(1, 11): [1, 4, 13, 11], (1, 16): [1, 3, 1, 5, 7, 16], (1, 19): [1, 5, 8, 15, 19]}
42: {(1, 11): [1, 4, 13, 11], (1, 16): [1, 3, 1, 5, 7, 16], (1, 19): [1, 5, 8, 15, 19]}
43: {(1, 11): [1, 4, 13, 11], (1, 16): [1, 3, 1, 5, 7, 16], (1, 19): [1, 5, 8, 15, 19]}
44: {(1, 11): [1, 4, 13, 11], (1, 16): [1, 3, 1, 5, 7, 16], (1, 19): [1, 5, 8, 15, 19]}
45: {(1, 11): [1, 4, 13, 11], (1, 16): [1, 3, 1, 5, 7, 16], (1, 19): [1, 5, 8, 15, 19]}
46: {(1, 11): [1, 4, 13, 11], (1, 16): [1, 3, 1, 5, 7, 16], (1, 19): [1, 5, 8, 15, 19]}
47: {(1, 11): [1, 4, 13, 11], (1, 16): [1, 3, 1, 5, 7, 16], (1, 19): [1, 5, 8, 15, 19]}
48: {(1, 11): [1, 4, 13, 11], (1, 16): [1, 3, 1, 5, 7, 16], (1, 19): [1, 5, 8, 15, 19]}
49: {(1, 11): [1, 4, 13, 11], (1, 16): [1, 3, 1, 5, 7, 16], (1, 19): [1, 5, 8, 15, 19]}
50: {(1, 11): [1, 4, 13, 11], (1, 16): [1, 3, 1, 5, 7, 16], (1, 19): [1, 5, 8, 15, 19]}
51: {(1, 11): [1, 4, 13, 11], (1, 16): [1, 3, 1, 5, 7, 16], (1, 19): [1, 5, 8, 15, 19]}
52: {(1, 11): [1, 4, 13, 11], (1, 16): [1, 3, 1, 5, 7, 16], (1, 19): [1, 5, 8, 15, 19]}
53: {(1, 11): [1, 4, 13, 11], (1, 16): [1, 3, 1, 5, 7, 16], (1, 19): [1, 5, 8, 15, 19]}
54: {(1, 11): [1, 4, 13, 11], (1, 16): [1, 3, 1, 5, 7, 16], (1, 19): [1, 5, 8, 15, 19]}
55: {(1, 11): [1, 4, 13, 11], (1, 16): [1, 3, 1, 5, 7, 16], (1, 19): [1, 5, 8, 15, 19]}
56: {(1, 11): [1, 4, 13, 11], (1, 16): [1, 3, 1, 5, 7, 16], (1, 19): [1, 5, 8, 15, 19]}
57: {(1, 11): [1, 4, 13, 11], (1, 16): [1, 3, 1, 5, 7, 16], (1, 19): [1, 5, 8, 15, 19]}
58: {(1, 11): [1, 4, 13, 11], (1, 16): [1, 3, 1, 5, 7, 16], (1, 19): [1, 5, 8, 15, 19]}
59: {(1, 11): [1, 4, 13, 11], (1, 16): [1, 3, 1, 5, 7, 16], (1, 19): [1, 5, 8, 15, 19]}
60: {(1, 11): [1, 4, 13, 11], (1, 16): [1, 3, 1, 5, 7, 16], (1, 19): [1, 5, 8, 15, 19]}
61: {(1, 11): [1, 4, 13, 11], (1, 16): [1, 3, 1, 5, 7, 16], (1, 19): [1, 5, 8, 15, 19]}
62: {(1, 11): [1, 4, 13, 11], (1, 16): [1, 3, 1, 5, 7, 16], (1, 19): [1, 5, 8, 15, 19]}
63: {(1, 11): [1, 4, 13, 11], (1, 16): [1, 3, 1, 5, 7, 16], (1, 19): [1, 5, 8, 15, 19]}
64: {(1, 11): [1, 4, 13, 11], (1, 16): [1, 3, 1, 5, 7, 16], (1, 19): [1, 5, 8, 15, 19]}
65: {(1, 11): [1, 4, 13, 11], (1, 16): [1, 3, 1, 5, 7, 16], (1, 19): [1, 5, 8, 15, 19]}
66: {(1, 11): [1, 4, 13, 11], (1, 16): [1, 3, 1, 5, 7, 16], (1, 19): [1, 5, 8, 15, 19]}
67: {(1, 11): [1, 4, 13, 11], (1, 16): [1, 3, 1, 5, 7, 16], (1, 19): [1, 5, 8, 15, 19]}
68: {(1, 11): [1, 4, 13, 11], (1, 16): [1, 3, 1, 5, 7, 16], (1, 19): [1, 5, 8, 15, 19]}
69: {(1, 11): [1, 4, 13, 11], (1, 16): [1, 3, 1, 5, 7, 16], (1, 19): [1, 5, 8, 15, 19]}
70: {(1, 11): [1, 4, 13, 11], (1, 16): [1, 3, 1, 5, 7, 16], (1, 19): [1, 5, 8, 15, 19]}
71: {(1, 11): [1, 4, 13, 11], (1, 16): [1, 3, 1, 5, 7, 16], (1, 19): [1, 5, 8, 15, 19]}
72: {(1, 11): [1, 4, 13, 11], (1, 16): [1, 3, 1, 5, 7, 16], (1, 19): [1, 5, 8, 15, 19]}
73: {(1, 11): [1, 4, 13, 11], (1, 16): [1, 3, 1, 5, 7, 16], (1, 19): [1, 5, 8, 15, 19]}
74: {(1, 11): [1, 4, 13, 11], (1, 16): [1, 3, 1, 5, 7, 16], (1, 19): [1, 5, 8, 15, 19]}
75: {(1, 11): [1, 4, 13, 11], (1, 16): [1, 3, 1, 5, 7, 16], (1, 19): [1, 5, 8, 15, 19]}
76: {(1, 11): [1, 4, 13, 11], (1, 16): [1, 3, 1, 5, 7, 16], (1, 19): [1, 5, 8, 15, 19]}
77: {(1, 11): [1, 4, 13, 11], (1, 16): [1, 3, 1, 5, 7, 16], (1, 19): [1, 5, 8, 15, 19]}
78: {(1, 11): [1, 4, 13, 11], (1, 16): [1, 3, 1, 5, 7, 16], (1, 19): [1, 5, 8, 15, 19]}
79: {(1, 11): [1, 4, 13, 11], (1, 16): [1, 3, 1, 5, 7, 16], (1, 19): [1, 5, 8, 15, 19]}
80: {(1, 11): [1, 4, 13, 11], (1, 16): [1, 3, 1, 5, 7, 16], (1, 19): [1, 5, 8, 15, 19]}
81: {(1, 11): [1, 4, 13, 11], (1, 16): [1, 3, 1, 5, 7, 16], (1, 19): [1, 5, 8, 15, 19]}
82: {(1, 11): [1, 4, 13, 11], (1, 16): [1, 3, 1, 5, 7, 16], (1, 19): [1, 5, 8, 15, 19]}
83: {(1, 11): [1, 4, 13, 11], (1, 16): [1, 3, 1, 5, 7, 16], (1, 19): [1, 5, 8, 15, 19]}
84: {(1, 11): [1, 4, 13, 11], (1, 16): [1, 3, 1, 5, 7, 16], (1, 19): [1, 5, 8, 15, 19]}
85: {(1, 11): [1, 4, 13, 11], (1, 16): [1, 3, 1, 5, 7, 16], (1, 19): [1, 5, 8, 15, 19]}
86: {(1, 11): [1, 4, 13, 11], (1, 16): [1, 3, 1, 5, 7, 16], (1, 19): [1, 5, 8, 15, 19]}
87: {(1, 11): [1, 4, 13, 11], (1, 16): [1, 3, 1, 5, 7, 16], (1, 19): [1, 5, 8, 15, 19]}
88: {(1, 11): [1, 4, 13, 11], (1, 16): [1, 3, 1, 5, 7, 16], (1, 19): [1, 5, 8, 15, 19]}
89: {(1, 11): [1, 4, 13, 11], (1, 16): [1, 3, 1, 5, 7, 16], (1, 19): [1, 5, 8, 15, 19]}
90: {(1, 11): [1, 4, 13, 11], (1, 16): [1, 3, 1, 5, 7, 16], (1, 19): [1, 5, 8, 15, 19]}
91: {(1, 11): [1, 4, 13, 11], (1, 16): [1, 3, 1, 5, 7, 16], (1, 19): [1, 5, 8, 15, 19]}
92: {(1, 11): [1, 4, 13, 11], (1, 16): [1, 3, 1, 5, 7, 16], (1, 19): [1, 5, 8, 15, 19]}
93: {(1, 11): [1, 4, 13, 11], (1, 16): [1, 3, 1, 5, 7, 16], (1, 19): [1, 5, 8, 15, 19]}
94: {(1, 11): [1, 4, 13, 11], (1, 16): [1, 3, 1, 5, 7, 16], (1, 19): [1, 5, 8, 15, 19]}
95: {(1, 11): [1, 4, 13, 11], (1, 16): [1, 3, 1, 5, 7, 16], (1, 19): [1, 5, 8, 15, 19]}
96: {(1, 11): [1, 4, 13, 11], (1, 16): [1, 3, 1, 5, 7, 16], (1, 19): [1, 5, 8, 15, 19]}
97: {(1, 11): [1, 4, 13, 11], (1, 16): [1, 3, 1, 5, 7, 16], (1, 19): [1, 5, 8, 15, 19]}
98: {(1, 11): [1, 4, 13, 11], (1, 16): [1, 3, 1, 5, 7, 16], (1, 19): [1, 5, 8, 15, 19]}
99: {(1, 11): [1, 4, 13, 11], (1, 16): [1, 3, 1, 5, 7, 16], (1, 19): [1, 5, 8, 15, 19]}
100: {(1, 11): [1, 4, 13, 11], (1, 16): [1, 3, 1, 5, 7, 16], (1, 19): [1, 5, 8, 15, 19]}
101: {(1, 11): [1, 4, 13, 11], (1, 16): [1, 3, 1, 5, 7, 16], (1, 19): [1, 5, 8, 15, 19]}
102: {(1, 11): [1, 4, 13, 11], (1, 16): [1, 3, 1, 5, 7, 16], (1, 19): [1, 5, 8, 15, 19]}
103: {(1, 11): [1, 4, 13, 11], (1, 16): [1, 3, 1, 5, 7, 16], (1, 19): [1, 5, 8, 15, 19]}
104: {(1, 11): [1, 4, 13, 11], (1, 16): [1, 3, 1, 5, 7, 16], (1, 19): [1, 5, 8, 15, 19]}
105: {(1, 11): [1, 4, 13, 11], (1, 16): [1, 3, 1, 5, 7, 16], (1, 19): [1, 5, 8, 15, 19]}
106: {(1, 11): [1, 4, 13, 11], (1, 16): [1, 3, 1, 5, 7, 16], (1, 19): [1, 5, 8, 15, 19]}
107: {(1, 11): [1, 4, 13, 11], (1, 16): [1, 3, 1, 5, 7, 16], (1, 19): [1, 5, 8, 15, 19]}
108: {(1, 11): [1, 4, 13, 11], (1, 16): [1, 3, 1, 5, 7, 16], (1, 19): [1, 5, 8, 15, 19]}
109: {(1, 11): [1, 4, 13, 11], (1, 16): [1, 3, 1, 5, 7, 16], (1, 19): [1, 5, 8, 15, 19]}
110: {(1, 11): [1, 4, 13, 11], (1, 16): [1, 3, 1, 5, 7, 16], (1, 19): [1, 5, 8, 15, 19]}
111: {(1, 11): [1, 4, 13, 11], (1, 16): [1, 3, 1, 5, 7, 16], (1, 19): [1, 5, 8, 15, 19]}
112: {(1, 11): [1, 4, 13, 11], (1, 16): [1, 3, 1, 5, 7, 16], (1, 19): [1, 5, 8, 15, 19]}
113: {(1, 11): [1, 4, 13, 11], (1, 16): [1, 3, 1, 5, 7, 16], (1, 19): [1, 5, 8, 15, 19]}
114: {(1, 11): [1, 4, 13, 11], (1, 16): [1, 3, 1, 5, 7, 16], (1, 19): [1, 5, 8, 15, 19]}
115: {(1, 11): [1, 4, 13, 11], (1, 16): [1, 3, 1, 5, 7, 16], (1, 19): [1, 5, 8, 15, 19]}
116: {(1, 11): [1, 4, 13, 11], (1, 16): [1, 3, 1, 5, 7, 16], (1, 19): [1, 5, 8, 15, 19]}
117: {(1, 11): [1, 4, 13, 11], (1, 16): [1, 3, 1, 5, 7, 16], (1, 19): [1, 5, 8, 15, 19]}
118: {(1, 11): [1, 4, 13, 11], (1, 16): [1, 3, 1, 5, 7, 16], (1, 19): [1, 5, 8, 15, 19]}
119: {(1, 11): [1, 4, 13, 11], (1, 16): [1, 3, 1, 5, 7, 16], (1, 19): [1, 5, 8, 15, 19]}
120: {(1, 11): [1, 4, 13, 11], (1, 16): [1, 3, 1, 5, 7, 16], (1, 19): [1, 5, 8, 15, 19]}
121: {(1, 11): [1, 4, 13, 11], (1, 16): [1, 3, 1, 5, 7, 16], (1, 19): [1, 5, 8, 15, 19]}
122: {(1, 11): [1, 4, 13, 11], (1, 16): [1, 3, 1, 5, 7, 16], (1, 19): [1, 5, 8, 15, 19]}
123: {(1, 11): [1, 4, 13, 11], (1, 16): [1, 3, 1, 5, 7, 16], (1, 19): [1, 5, 8, 15, 19]}
124: {(1, 11): [1, 4, 13, 11], (1, 16): [1, 3, 1, 5, 7, 16], (1, 19): [1, 5, 8, 15, 19]}
125: {(1, 11): [1, 4, 13, 11], (1, 16): [1, 3, 1, 5, 7, 16], (1, 19): [1, 5, 8, 15, 19]}
126: {(1, 11): [1, 4, 13, 11], (1, 16): [1, 3, 1, 5, 7, 16], (1, 19): [1, 5, 8, 15, 19]}
127: {(1, 11): [1, 4, 13, 11], (1, 16): [1, 3, 1, 5, 7, 16], (1, 19): [1, 5, 8, 15, 19]}
128: {(1, 11): [1, 4, 13, 11], (1, 16): [1, 3, 1, 5, 7, 16], (1, 19): [1, 5, 8, 15, 19]}
129: {(1, 11): [1, 4, 13, 11], (1, 16): [1, 3, 1, 5, 7, 16], (1, 19): [1, 5, 8, 15, 19]}
130: {(1, 11): [1, 4, 13, 11], (1, 16): [1, 3, 1, 5, 7, 16], (1, 19): [1, 5, 8, 15, 19]}
131: {(1, 11): [1, 4, 13, 11], (1, 16): [1, 3, 1, 5, 7, 16], (1, 19): [1, 5, 8, 15, 19]}
132: {(1, 11): [1, 4, 13, 11], (1, 16): [1, 3, 1, 5, 7, 16], (1, 19): [1, 5, 8, 15, 19]}
133: {(1, 11): [1, 4, 13, 11], (1, 16): [1, 3, 1, 5, 7, 16], (1, 19): [1, 5, 8, 15, 19]}
134: {(1, 11): [1, 4, 13, 11], (1, 16): [1, 3, 1, 5, 7, 16], (1, 19): [1, 5, 8, 15, 19]}
135: {(1, 11): [1, 4, 13, 11], (1, 16): [1, 3, 1, 5, 7, 16], (1, 19): [1, 5, 8, 15, 19]}
136: {(1, 11): [1, 4, 13, 11], (1, 16): [1, 3, 1, 5, 7, 16], (1, 19): [1, 5, 8, 15, 19]}
137: {(1, 11): [1, 4, 13, 11], (1, 16): [1, 3, 1, 5, 7, 16], (1, 19): [1, 5, 8, 15, 19]}
138: {(1, 11): [1, 4, 13, 11], (1, 16): [1, 3, 1, 5, 7, 16], (1, 19): [1, 5, 8, 15, 19]}
139: {(1, 11): [1, 4, 13, 11], (1, 16): [1, 3, 1, 5, 7, 16], (1, 19): [1, 5, 8, 15, 19]}
140: {(1, 11): [1, 4, 13, 11], (1, 16): [1, 3, 1, 5, 7, 16], (1, 19): [1, 5, 8, 15, 19]}
141: {(1, 11): [1, 4, 13, 11], (1, 16): [1, 3, 1, 5, 7, 16], (1, 19): [1, 5, 8, 15, 19]}
142: {(1, 11): [1, 4, 13, 11], (1, 16): [1, 3, 1, 5, 7, 16], (1, 19): [1, 5, 8, 15, 19]}
143: {(1, 11): [1, 4, 13, 11], (1, 16): [1, 3, 1, 5, 7, 16], (1, 19): [1, 5, 8, 15, 19]}
144: {(1, 11): [1, 4, 13, 11], (1, 16): [1, 3, 1, 5, 7, 16], (1, 19): [1, 5, 8, 15, 19]}
145: {(1, 11): [1, 4, 13, 11], (1, 16): [1, 3, 1, 5, 7, 16], (1, 19): [1, 5, 8, 15, 19]}
146: {(1, 11): [1, 4, 13, 11], (1, 16): [1, 3, 1, 5, 7, 16], (1, 19): [1, 5, 8, 15, 19]}
147: {(1, 11): [1, 4, 13, 11], (1, 16): [1, 3, 1, 5, 7, 16], (1, 19): [1, 5, 8, 15, 19]}
148: {(1, 11): [1, 4, 13, 11], (1, 16): [1, 3, 1, 5, 7, 16], (1, 19): [1, 5, 8, 15, 19]}
149: {(1, 11): [1, 4, 13, 11], (1, 16): [1, 3, 1, 5, 7, 16], (1, 19): [1, 5, 8, 15, 19]}
150: {(1, 11): [1, 4, 13, 11], (1, 16): [1, 3, 1, 5, 7, 16], (1, 19): [1, 5, 8, 15, 19]}
151: {(1, 11): [1, 4, 13, 11], (1, 16): [1, 3, 1, 5, 7, 16], (1, 19): [1, 5, 8, 15, 19]}
152: {(1, 11): [1, 4, 13, 11], (1, 16): [1, 3, 1, 5, 7, 16], (1, 19): [1, 5, 8, 15, 19]}
153: {(1, 11): [1, 4, 13, 11], (1, 16): [1, 3, 1, 5, 7, 16], (1, 19): [1, 5, 8, 15, 19]}
154: {(1, 11): [1, 4, 13, 11], (1, 16): [1, 3, 1, 5, 7, 16], (1, 19): [1, 5, 8, 15, 19]}
155: {(1, 11): [1, 4, 13, 11], (1, 16): [1, 3, 1, 5, 7, 16], (1, 19): [1, 5, 8, 15, 19]}
156: {(1, 11): [1, 4, 13, 11], (1, 16): [1, 3, 1, 5, 7, 16], (1, 19): [1, 5, 8, 15, 19]}
157: {(1, 11): [1, 4, 13, 11], (1, 16): [1, 3, 1, 5, 7, 16], (1, 19): [1, 5, 8, 15, 19]}
158: {(1, 11): [1, 4, 13, 11], (1, 16): [1, 3, 1, 5, 7, 16], (1, 19): [1, 5, 8, 15, 19]}
159: {(1, 11): [1, 4, 13, 11], (1, 16): [1, 3, 1, 5, 7, 16], (1, 19): [1, 5, 8, 15, 19]}
160: {(1, 11): [1, 4, 13, 11], (1, 16): [1, 3, 1, 5, 7, 16], (1, 19): [1, 5, 8, 15, 19]}
161: {(1, 11): [1, 4, 13, 11], (1, 16): [1, 3, 1, 5, 7, 16], (1, 19): [1, 5, 8, 15, 19]}
162: {(1, 11): [1, 4, 13, 11], (1, 16): [1, 3, 1, 5, 7, 16], (1, 19): [1, 5, 8, 15, 19]}
163: {(1, 11): [1, 4, 13, 11], (1, 16): [1, 3, 1, 5, 7, 16], (1, 19): [1, 5, 8, 15, 19]}
164: {(1, 11): [1, 4, 13, 11], (1, 16): [1, 3, 1, 5, 7, 16], (1, 19): [1, 5, 8, 15, 19]}
165: {(1, 11): [1, 4, 13, 11], (1, 16): [1, 3, 1, 5, 7, 16], (1, 19): [1, 5, 8, 15, 19]}
166: {(1, 11): [1, 4, 13, 11], (1, 16): [1, 3, 1, 5, 7, 16], (1, 19): [1, 5, 8, 15, 19]}
167: {(1, 11): [1, 4, 13, 11], (1, 16): [1, 3, 1, 5, 7, 16], (1, 19): [1, 5, 8, 15, 19]}
168: {(1, 11): [1, 4, 13, 11], (1, 16): [1, 3, 1, 5, 7, 16], (1, 19): [1, 5, 8, 15, 19]}
169: {(1, 11): [1, 4, 13, 11], (1, 16): [1, 3, 1, 5, 7, 16], (1, 19): [1, 5, 8, 15, 19]}
170: {(1, 11): [1, 4, 13, 11], (1, 16): [1, 3, 1, 5, 7, 16], (1, 19): [1, 5, 8, 15, 19]}
171: {(1, 11): [1, 4, 13, 11], (1, 16): [1, 3, 1, 5, 7, 16], (1, 19): [1, 5, 8, 15, 19]}
172: {(1, 11): [1, 4, 13, 11], (1, 16): [1, 3, 1, 5, 7, 16], (1, 19): [1, 5, 8, 15, 19]}
173: {(1, 11): [1, 4, 13, 11], (1, 16): [1, 3, 1, 5, 7, 16], (1, 19): [1, 5, 8, 15, 19]}
174: {(1, 11): [1, 4, 13, 11], (1, 16): [1, 3, 1, 5, 7, 16], (1, 19): [1, 5, 8, 15, 19]}
175: {(1, 11): [1, 4, 13, 11], (1, 16): [1, 3, 1, 5, 7, 16], (1, 19): [1, 5, 8, 15, 19]}
176: {(1, 11): [1, 4, 13, 11], (1, 16): [1, 3, 1, 5, 7, 16], (1, 19): [1, 5, 8, 15, 19]}
177: {(1, 11): [1, 4, 13, 11], (1, 16): [1, 3, 1, 5, 7, 16], (1, 19): [1, 5, 8, 15, 19]}
178: {(1, 11): [1, 4, 13, 11], (1, 16): [1, 3, 1, 5, 7, 16], (1, 19): [1, 5, 8, 15, 19]}
179: {(1, 11): [1, 4, 13, 11], (1, 16): [1, 3, 1, 5, 7, 16], (1, 19): [1, 5, 8, 15, 19]}
180: {(1, 11): [1, 4, 13, 11], (1, 16): [1, 3, 1, 5, 7, 16], (1, 19): [1, 5, 8, 15, 19]}
181: {(1, 11): [1, 4, 13, 11], (1, 16): [1, 3, 1, 5, 7, 16], (1, 19): [1, 5, 8, 15, 19]}
182: {(1, 11): [1, 4, 13, 11], (1, 16): [1, 3, 1, 5, 7, 16], (1, 19): [1, 5, 8, 15, 19]}
183: {(1, 11): [1, 4, 13, 11], (1, 16): [1, 3, 1, 5, 7, 16], (1, 19): [1, 5, 8, 15, 19]}
184: {(1, 11): [1, 4, 13, 11], (1, 16): [1, 3, 1, 5, 7, 16], (1, 19): [1, 5, 8, 15, 19]}
185: {(1, 11): [1, 4, 13, 11], (1, 16): [1, 3, 1, 5, 7, 16], (1, 19): [1, 5, 8, 15, 19]}
186: {(1, 11): [1, 4, 13, 11], (1, 16): [1, 3, 1, 5, 7, 16], (1, 19): [1, 5, 8, 15, 19]}
187: {(1, 11): [1, 4, 13, 11], (1, 16): [1, 3, 1, 5, 7, 16], (1, 19): [1, 5, 8, 15, 19]}
188: {(1, 11): [1, 4, 13, 11], (1, 16): [1, 3, 1, 5, 7, 16], (1, 19): [1, 5, 8, 15, 19]}
189: {(1, 11): [1, 4, 13, 11], (1, 16): [1, 3, 1, 5, 7, 16], (1, 19): [1, 5, 8, 15, 19]}
190: {(1, 11): [1, 4, 13, 11], (1, 16): [1, 3, 1, 5, 7, 16], (1, 19): [1, 5, 8, 15, 19]}
191: {(1, 11): [1, 4, 13, 11], (1, 16): [1, 3, 1, 5, 7, 16], (1, 19): [1, 5, 8, 15, 19]}
192: {(1, 11): [1, 4, 13, 11], (1, 16): [1, 3, 1, 5, 7, 16], (1, 19): [1, 5, 8, 15, 19]}
193: {(1, 11): [1, 4, 13, 11], (1, 16): [1, 3, 1, 5, 7, 16], (1, 19): [1, 5, 8, 15, 19]}
194: {(1, 11): [1, 4, 13, 11], (1, 16): [1, 3, 1, 5, 7, 16], (1, 19): [1, 5, 8, 15, 19]}
195: {(1, 11): [1, 4, 13, 11], (1, 16): [1, 3, 1, 5, 7, 16], (1, 19): [1, 5, 8, 15, 19]}
196: {(1, 11): [1, 4, 13, 11], (1, 16): [1, 3, 1, 5, 7, 16], (1, 19): [1, 5, 8, 15, 19]}
197: {(1, 11): [1, 4, 13, 11], (1, 16): [1, 3, 1, 5, 7, 16], (1, 19): [1, 5, 8, 15, 19]}
198: {(1, 11): [1, 4, 13, 11], (1, 16): [1, 3, 1, 5, 7, 16], (1, 19): [1, 5, 8, 15, 19]}
199: {(1, 11): [1, 4, 13, 11], (1, 16): [1, 3, 1, 5, 7, 16], (1, 19): [1, 5, 8, 15, 19]}
200: {(1, 11): [1, 4, 13, 11], (1, 16): [1, 3, 1, 5, 7, 16], (1, 19): [1, 5, 8, 15, 19]}
201: {(1, 11): [1, 4, 13, 11], (1, 16): [1, 3, 1, 5, 7, 16], (1, 19): [1, 5, 8, 15, 19]}
202: {(1, 11): [1, 4, 13, 11], (1, 16): [1, 3, 1, 5, 7, 16], (1, 19): [1, 5, 8, 15, 19]}
203: {(1, 11): [1, 4, 13, 11], (1, 16): [1, 3, 1, 5, 7, 16], (1, 19): [1, 5, 8, 15, 19]}
204: {(1, 11): [1, 4, 13, 11], (1, 16): [1, 3, 1, 5, 7, 16], (1, 19): [1, 5, 8, 15, 19]}
205: {(1, 11): [1, 4, 13, 11], (1, 16): [1, 3, 1, 5, 7, 16], (1, 19): [1, 5, 8, 15, 19]}
206: {(1, 11): [1, 4, 13, 11], (1, 16): [1, 3, 1, 5, 7, 16], (1, 19): [1, 5, 8, 15, 19]}
207: {(1, 11): [1, 4, 13, 11], (1, 16): [1, 3, 1, 5, 7, 16], (1, 19): [1, 5, 8, 15, 19]}
208: {(1, 11): [1, 4, 13, 11], (1, 16): [1, 3, 1, 5, 7, 16], (1, 19): [1, 5, 8, 15, 19]}
209: {(1, 11): [1, 4, 13, 11], (1, 16): [1, 3, 1, 5, 7, 16], (1, 19): [1, 5, 8, 15, 19]}
210: {(1, 11): [1, 4, 13, 11], (1, 16): [1, 3, 1, 5, 7, 16], (1, 19): [1, 5, 8, 15, 19]}
211: {(1, 11): [1, 4, 13, 11], (1, 16): [1, 3, 1, 5, 7, 16], (1, 19): [1, 5, 8, 15, 19]}
212: {(1, 11): [1, 4, 13, 11], (1, 16): [1, 3, 1, 5, 7, 16], (1, 19): [1, 5, 8, 15, 19]}
213: {(1, 11): [1, 4, 13, 11], (1, 16): [1, 3, 1, 5, 7, 16], (1, 19): [1, 5, 8, 15, 19]}
214: {(1, 11): [1, 4, 13, 11], (1, 16): [1, 3, 1, 5, 7, 16], (1, 19): [1, 5, 8, 15, 19]}
215: {(1, 11): [1, 4, 13, 11], (1, 16): [1, 3, 1, 5, 7, 16], (1, 19): [1, 5, 8, 15, 19]}
216: {(1, 11): [1, 4, 13, 11], (1, 16): [1, 3, 1, 5, 7, 16], (1, 19): [1, 5, 8, 15, 19]}
217: {(1, 11): [1, 4, 13, 11], (1, 16): [1, 3, 1, 5, 7, 16], (1, 19): [1, 5, 8, 15, 19]}
218: {(1, 11): [1, 4, 13, 11], (1, 16): [1, 3, 1, 5, 7, 16], (1, 19): [1, 5, 8, 15, 19]}
219: {(1, 11): [1, 4, 13, 11], (1, 16): [1, 3, 1, 5, 7, 16], (1, 19): [1, 5, 8, 15, 19]}
220: {(1, 11): [1, 4, 13, 11], (1, 16): [1, 3, 1, 5, 7, 16], (1, 19): [1, 5, 8, 15, 19]}
221: {(1, 11): [1, 4, 13, 11], (1, 16): [1, 3, 1, 5, 7, 16], (1, 19): [1, 5, 8, 15, 19]}
222: {(1, 11): [1, 4, 13, 11], (1, 16): [1, 3, 1, 5, 7, 16], (1, 19): [1, 5, 8, 15, 19]}
223: {(1, 11): [1, 4, 13, 11], (1, 16): [1, 3, 1, 5, 7, 16], (1, 19): [1, 5, 8, 15, 19]}
224: {(1, 11): [1, 4, 13, 11], (1, 16): [1, 3, 1, 5, 7, 16], (1, 19): [1, 5, 8, 15, 19]}
225: {(1, 11): [1, 4, 13, 11], (1, 16): [1, 3, 1, 5, 7, 16], (1, 19): [1, 5, 8, 15, 19]}
226: {(1, 11): [1, 4, 13, 11], (1, 16): [1, 3, 1, 5, 7, 16], (1, 19): [1, 5, 8, 15, 19]}
227: {(1, 11): [1, 4, 13, 11], (1, 16): [1, 3, 1, 5, 7, 16], (1, 19): [1, 5, 8, 15, 19]}
228: {(1, 11): [1, 4, 13, 11], (1, 16): [1, 3, 1, 5, 7, 16], (1, 19): [1, 5, 8, 15, 19]}
229: {(1, 11): [1, 4, 13, 11], (1, 16): [1, 3, 1, 5, 7, 16], (1, 19): [1, 5, 8, 15, 19]}
230: {(1, 11): [1, 4, 13, 11], (1, 16): [1, 3, 1, 5, 7, 16], (1, 19): [1, 5, 8, 15, 19]}
231: {(1, 11): [1, 4, 13, 11], (1, 16): [1, 3, 1, 5, 7, 16], (1, 19): [1, 5, 8, 15, 19]}
232: {(1, 11): [1, 4, 13, 11], (1, 16): [1, 3, 1, 5, 7, 16], (1, 19): [1, 5, 8, 15, 19]}
233: {(1, 11): [1, 4, 13, 11], (1, 16): [1, 3, 1, 5, 7, 16], (1, 19): [1, 5, 8, 15, 19]}
234: {(1, 11): [1, 4, 13, 11], (1, 16): [1, 3, 1, 5, 7, 16], (1, 19): [1, 5, 8, 15, 19]}
235: {(1, 11): [1, 4, 13, 11], (1, 16): [1, 3, 1, 5, 7, 16], (1, 19): [1, 5, 8, 15, 19]}
236: {(1, 11): [1, 4, 13, 11], (1, 16): [1, 3, 1, 5, 7, 16], (1, 19): [1, 5, 8, 15, 19]}
237: {(1, 11): [1, 4, 13, 11], (1, 16): [1, 3, 1, 5, 7, 16], (1, 19): [1, 5, 8, 15, 19]}
238: {(1, 11): [1, 4, 13, 11], (1, 16): [1, 3, 1, 5, 7, 16], (1, 19): [1, 5, 8, 15, 19]}
239: {(1, 11): [1, 4, 13, 11], (1, 16): [1, 3, 1, 5, 7, 16], (1, 19): [1, 5, 8, 15, 19]}
240: {(1, 11): [1, 4, 13, 11], (1, 16): [1, 3, 1, 5, 7, 16], (1, 19): [1, 5, 8, 15, 19]}
241: {(1, 11): [1, 4, 13, 11], (1, 16): [1, 3, 1, 5, 7, 16], (1, 19): [1, 5, 8, 15, 19]}
242: {(1, 11): [1, 4, 13, 11], (1, 16): [1, 3, 1, 5, 7, 16], (1, 19): [1, 5, 8, 15, 19]}
243: {(1, 11): [1, 4, 13, 11], (1, 16): [1, 3, 1, 5, 7, 16], (1, 19): [1, 5, 8, 15, 19]}
244: {(1, 11): [1, 4, 13, 11], (1, 16): [1, 3, 1, 5, 7, 16], (1, 19): [1, 5, 8, 15, 19]}
245: {(1, 11): [1, 4, 13, 11], (1, 16): [1, 3, 1, 5, 7, 16], (1, 19): [1, 5, 8, 15, 19]}
246: {(1, 11): [1, 4, 13, 11], (1, 16): [1, 3, 1, 5, 7, 16], (1, 19): [1, 5, 8, 15, 19]}
247: {(1, 11): [1, 4, 13, 11], (1, 16): [1, 3, 1, 5, 7, 16], (1, 19): [1, 5, 8, 15, 19]}
248: {(1, 11): [1, 4, 13, 11], (1, 16): [1, 3, 1, 5, 7, 16], (1, 19): [1, 5, 8, 15, 19]}
249: {(1, 11): [1, 4, 13, 11], (1, 16): [1, 3, 1, 5, 7, 16], (1, 19): [1, 5, 8, 15, 19]}
250: {(1, 11): [1, 4, 13, 11], (1, 16): [1, 3, 1, 5, 7, 16], (1, 19): [1, 5, 8, 15, 19]}
251: {(1, 11): [1, 4, 13, 11], (1, 16): [1, 3, 1, 5, 7, 16], (1, 19): [1, 5, 8, 15, 19]}
252: {(1, 11): [1, 4, 13, 11], (1, 16): [1, 3, 1, 5, 7, 16], (1, 19): [1, 5, 8, 15, 19]}
253: {(1, 11): [1, 4, 13, 11], (1, 16): [1, 3, 1, 5, 7, 16], (1, 19): [1, 5, 8, 15, 19]}
254: {(1, 11): [1, 4, 13, 11], (1, 16): [1, 3, 1, 5, 7, 16], (1, 19): [1, 5, 8, 15, 19]}
255: {(1, 11): [1, 4, 13, 11], (1, 16): [1, 3, 1, 5, 7, 16], (1, 19): [1, 5, 8, 15, 19]}
256: {(1, 11): [1, 4, 13, 11], (1, 16): [1, 3, 1, 5, 7, 16], (1, 19): [1, 5, 8, 15, 19]}
257: {(1, 11): [1, 4, 13, 11], (1, 16): [1, 3, 1, 5, 7, 16], (1, 19): [1, 5, 8, 15, 19]}
258: {(1, 11): [1, 4, 13, 11], (1, 16): [1, 3, 1, 5, 7, 16], (1, 19): [1, 5, 8, 15, 19]}
259: {(1, 11): [1, 4, 13, 11], (1, 16): [1, 3, 1, 5, 7, 16], (1, 19): [1, 5, 8, 15, 19]}
260: {(1, 11): [1, 4, 13, 11], (1, 16): [1, 3, 1, 5, 7, 16], (1, 19): [1, 5, 8, 15, 19]}
261: {(1, 11): [1, 4, 13, 11], (1, 16): [1, 3, 1, 5, 7, 16], (1, 19): [1, 5, 8, 15, 19]}
262: {(1, 11): [1, 4, 13, 11], (1, 16): [1, 3, 1, 5, 7, 16], (1, 19): [1, 5, 8, 15, 19]}
263: {(1, 11): [1, 4, 13, 11], (1, 16): [1, 3, 1, 5, 7, 16], (1, 19): [1, 5, 8, 15, 19]}
264: {(1, 11): [1, 4, 13, 11], (1, 16): [1, 3, 1, 5, 7, 16], (1, 19): [1, 5, 8, 15, 19]}
265: {(1, 11): [1, 4, 13, 11], (1, 16): [1, 3, 1, 5, 7, 16], (1, 19): [1, 5, 8, 15, 19]}
266: {(1, 11): [1, 4, 13, 11], (1, 16): [1, 3, 1, 5, 7, 16], (1, 19): [1, 5, 8, 15, 19]}
267: {(1, 11): [1, 4, 13, 11], (1, 16): [1, 3, 1, 5, 7, 16], (1, 19): [1, 5, 8, 15, 19]}
268: {(1, 11): [1, 4, 13, 11], (1, 16): [1, 3, 1, 5, 7, 16], (1, 19): [1, 5, 8, 15, 19]}
269: {(1, 11): [1, 4, 13, 11], (1, 16): [1, 3, 1, 5, 7, 16], (1, 19): [1, 5, 8, 15, 19]}
270: {(1, 11): [1, 4, 13, 11], (1, 16): [1, 3, 1, 5, 7, 16], (1, 19): [1, 5, 8, 15, 19]}
271: {(1, 11): [1, 4, 13, 11], (1, 16): [1, 3, 1, 5, 7, 16], (1, 19): [1, 5, 8, 15, 19]}
272: {(1, 11): [1, 4, 13, 11], (1, 16): [1, 3, 1, 5, 7, 16], (1, 19): [1, 5, 8, 15, 19]}
273: {(1, 11): [1, 4, 13, 11], (1, 16): [1, 3, 1, 5, 7, 16], (1, 19): [1, 5, 8, 15, 19]}
274: {(1, 11): [1, 4, 13, 11], (1, 16): [1, 3, 1, 5, 7, 16], (1, 19): [1, 5, 8, 15, 19]}
275: {(1, 11): [1, 4, 13, 11], (1, 16): [1, 3, 1, 5, 7, 16], (1, 19): [1, 5, 8, 15, 19]}
276: {(1, 11): [1, 4, 13, 11], (1, 16): [1, 3, 1, 5, 7, 16], (1, 19): [1, 5, 8, 15, 19]}
277: {(1, 11): [1, 4, 13, 11], (1, 16): [1, 3, 1, 5, 7, 16], (1, 19): [1, 5, 8, 15, 19]}
278: {(1, 11): [1, 4, 13, 11], (1, 16): [1, 3, 1, 5, 7, 16], (1, 19): [1, 5, 8, 15, 19]}
279: {(1, 11): [1, 4, 13, 11], (1, 16): [1, 3, 1, 5, 7, 16], (1, 19): [1, 5, 8, 15, 19]}
280: {(1, 11): [1, 4, 13, 11], (1, 16): [1, 3, 1, 5, 7, 16], (1, 19): [1, 5, 8, 15, 19]}
281: {(1, 11): [1, 4, 13, 11], (1, 16): [1, 3, 1, 5, 7, 16], (1, 19): [1, 5, 8, 15, 19]}
282: {(1, 11): [1, 4, 13, 11], (1, 16): [1, 3, 1, 5, 7, 16], (1, 19): [1, 5, 8, 15, 19]}
283: {(1, 11): [1, 4, 13, 11], (1, 16): [1, 3, 1, 5, 7, 16], (1, 19): [1, 5, 8, 15, 19]}
284: {(1, 11): [1, 4, 13, 11], (1, 16): [1, 3, 1, 5, 7, 16], (1, 19): [1, 5, 8, 15, 19]}
285: {(1, 11): [1, 4, 13, 11], (1, 16): [1, 3, 1, 5, 7, 16], (1, 19): [1, 5, 8, 15, 19]}
286: {(1, 11): [1, 4, 13, 11], (1, 16): [1, 3, 1, 5, 7, 16], (1, 19): [1, 5, 8, 15, 19]}
287: {(1, 11): [1, 4, 13, 11], (1, 16): [1, 3, 1, 5, 7, 16], (1, 19): [1, 5, 8, 15, 19]}
288: {(1, 11): [1, 4, 13, 11], (1, 16): [1, 3, 1, 5, 7, 16], (1, 19): [1, 5, 8, 15, 19]}
289: {(1, 11): [1, 4, 13, 11], (1, 16): [1, 3, 1, 5, 7, 16], (1, 19): [1, 5, 8, 15, 19]}
290: {(1, 11): [1, 4, 13, 11], (1, 16): [1, 3, 1, 5, 7, 16], (1, 19): [1, 5, 8, 15, 19]}
291: {(1, 11): [1, 4, 13, 11], (1, 16): [1, 3, 1, 5, 7, 16], (1, 19): [1, 5, 8, 15, 19]}
292: {(1, 11): [1, 4, 13, 11], (1, 16): [1, 3, 1, 5, 7, 16], (1, 19): [1, 5, 8, 15, 19]}
293: {(1, 11): [1, 4, 13, 11], (1, 16): [1, 3, 1, 5, 7, 16], (1, 19): [1, 5, 8, 15, 19]}
294: {(1, 11): [1, 4, 13, 11], (1, 16): [1, 3, 1, 5, 7, 16], (1, 19): [1, 5, 8, 15, 19]}
295: {(1, 11): [1, 4, 13, 11], (1, 16): [1, 3, 1, 5, 7, 16], (1, 19): [1, 5, 8, 15, 19]}
296: {(1, 11): [1, 4, 13, 11], (1, 16): [1, 3, 1, 5, 7, 16], (1, 19): [1, 5, 8, 15, 19]}
297: {(1, 11): [1, 4, 13, 11], (1, 16): [1, 3, 1, 5, 7, 16], (1, 19): [1, 5, 8, 15, 19]}
298: {(1, 11): [1, 4, 13, 11], (1, 16): [1, 3, 1, 5, 7, 16], (1, 19): [1, 5, 8, 15, 19]}
299: {(1, 11): [1, 4, 13, 11], (1, 16): [1, 3, 1, 5, 7, 16], (1, 19): [1, 5, 8, 15, 19]}
300: {(1, 11): [1, 4, 13, 11], (1, 16): [1, 3, 1, 5, 7, 16], (1, 19): [1, 5, 8, 15, 19]}
301: {(1, 11): [1, 4, 13, 11], (1, 16): [1, 3, 1, 5, 7, 16], (1, 19): [1, 5, 8, 15, 19]}
302: {(1, 11): [1, 4, 13, 11], (1, 16): [1, 3, 1, 5, 7, 16], (1, 19): [1, 5, 8, 15, 19]}
303: {(1, 11): [1, 4, 13, 11], (1, 16): [1, 3, 1, 5, 7, 16], (1, 19): [1, 5, 8, 15, 19]}
304: {(1, 11): [1, 4, 13, 11], (1, 16): [1, 3, 1, 5, 7, 16], (1, 19): [1, 5, 8, 15, 19]}
305: {(1, 11): [1, 4, 13, 11], (1, 16): [1, 3, 1, 5, 7, 16], (1, 19): [1, 5, 8, 15, 19]}
306: {(1, 11): [1, 4, 13, 11], (1, 16): [1, 3, 1, 5, 7, 16], (1, 19): [1, 5, 8, 15, 19]}
307: {(1, 11): [1, 4, 13, 11], (1, 16): [1, 3, 1, 5, 7, 16], (1, 19): [1, 5, 8, 15, 19]}
308: {(1, 11): [1, 4, 13, 11], (1, 16): [1, 3, 1, 5, 7, 16], (1, 19): [1, 5, 8, 15, 19]}
309: {(1, 11): [1, 4, 13, 11], (1, 16): [1, 3, 1, 5, 7, 16], (1, 19): [1, 5, 8, 15, 19]}
310: {(1, 11): [1, 4, 13, 11], (1, 16): [1, 3, 1, 5, 7, 16], (1, 19): [1, 5, 8, 15, 19]}
311: {(1, 11): [1, 4, 13, 11], (1, 16): [1, 3, 1, 5, 7, 16], (1, 19): [1, 5, 8, 15, 19]}
312: {(1, 11): [1, 4, 13, 11], (1, 16): [1, 3, 1, 5, 7, 16], (1, 19): [1, 5, 8, 15, 19]}
313: {(1, 11): [1, 4, 13, 11], (1, 16): [1, 3, 1, 5, 7, 16], (1, 19): [1, 5, 8, 15, 19]}
314: {(1, 11): [1, 4, 13, 11], (1, 16): [1, 3, 1, 5, 7, 16], (1, 19): [1, 5, 8, 15, 19]}
315: {(1, 11): [1, 4, 13, 11], (1, 16): [1, 3, 1, 5, 7, 16], (1, 19): [1, 5, 8, 15, 19]}
316: {(1, 11): [1, 4, 13, 11], (1, 16): [1, 3, 1, 5, 7, 16], (1, 19): [1, 5, 8, 15, 19]}
317: {(1, 11): [1, 4, 13, 11], (1, 16): [1, 3, 1, 5, 7, 16], (1, 19): [1, 5, 8, 15, 19]}
318: {(1, 11): [1, 4, 13, 11], (1, 16): [1, 3, 1, 5, 7, 16], (1, 19): [1, 5, 8, 15, 19]}
319: {(1, 11): [1, 4, 13, 11], (1, 16): [1, 3, 1, 5, 7, 16], (1, 19): [1, 5, 8, 15, 19]}
320: {(1, 11): [1, 4, 13, 11], (1, 16): [1, 3, 1, 5, 7, 16], (1, 19): [1, 5, 8, 15, 19]}
321: {(1, 11): [1, 4, 13, 11], (1, 16): [1, 3, 1, 5, 7, 16], (1, 19): [1, 5, 8, 15, 19]}
322: {(1, 11): [1, 4, 13, 11], (1, 16): [1, 3, 1, 5, 7, 16], (1, 19): [1, 5, 8, 15, 19]}
323: {(1, 11): [1, 4, 13, 11], (1, 16): [1, 3, 1, 5, 7, 16], (1, 19): [1, 5, 8, 15, 19]}
324: {(1, 11): [1, 4, 13, 11], (1, 16): [1, 3, 1, 5, 7, 16], (1, 19): [1, 5, 8, 15, 19]}
325: {(1, 11): [1, 4, 13, 11], (1, 16): [1, 3, 1, 5, 7, 16], (1, 19): [1, 5, 8, 15, 19]}
326: {(1, 11): [1, 4, 13, 11], (1, 16): [1, 3, 1, 5, 7, 16], (1, 19): [1, 5, 8, 15, 19]}
327: {(1, 11): [1, 4, 13, 11], (1, 16): [1, 3, 1, 5, 7, 16], (1, 19): [1, 5, 8, 15, 19]}
328: {(1, 11): [1, 4, 13, 11], (1, 16): [1, 3, 1, 5, 7, 16], (1, 19): [1, 5, 8, 15, 19]}
329: {(1, 11): [1, 4, 13, 11], (1, 16): [1, 3, 1, 5, 7, 16], (1, 19): [1, 5, 8, 15, 19]}
330: {(1, 11): [1, 4, 13, 11], (1, 16): [1, 3, 1, 5, 7, 16], (1, 19): [1, 5, 8, 15, 19]}
331: {(1, 11): [1, 4, 13, 11], (1, 16): [1, 3, 1, 5, 7, 16], (1, 19): [1, 5, 8, 15, 19]}
332: {(1, 11): [1, 4, 13, 11], (1, 16): [1, 3, 1, 5, 7, 16], (1, 19): [1, 5, 8, 15, 19]}
333: {(1, 11): [1, 4, 13, 11], (1, 16): [1, 3, 1, 5, 7, 16], (1, 19): [1, 5, 8, 15, 19]}
334: {(1, 11): [1, 4, 13, 11], (1, 16): [1, 3, 1, 5, 7, 16], (1, 19): [1, 5, 8, 15, 19]}
335: {(1, 11): [1, 4, 13, 11], (1, 16): [1, 3, 1, 5, 7, 16], (1, 19): [1, 5, 8, 15, 19]}
336: {(1, 11): [1, 4, 13, 11], (1, 16): [1, 3, 1, 5, 7, 16], (1, 19): [1, 5, 8, 15, 19]}
337: {(1, 11): [1, 4, 13, 11], (1, 16): [1, 3, 1, 5, 7, 16], (1, 19): [1, 5, 8, 15, 19]}
338: {(1, 11): [1, 4, 13, 11], (1, 16): [1, 3, 1, 5, 7, 16], (1, 19): [1, 5, 8, 15, 19]}
339: {(1, 11): [1, 4, 13, 11], (1, 16): [1, 3, 1, 5, 7, 16], (1, 19): [1, 5, 8, 15, 19]}
340: {(1, 11): [1, 4, 13, 11], (1, 16): [1, 3, 1, 5, 7, 16], (1, 19): [1, 5, 8, 15, 19]}
341: {(1, 11): [1, 4, 13, 11], (1, 16): [1, 3, 1, 5, 7, 16], (1, 19): [1, 5, 8, 15, 19]}
342: {(1, 11): [1, 4, 13, 11], (1, 16): [1, 3, 1, 5, 7, 16], (1, 19): [1, 5, 8, 15, 19]}
343: {(1, 11): [1, 4, 13, 11], (1, 16): [1, 3, 1, 5, 7, 16], (1, 19): [1, 5, 8, 15, 19]}
344: {(1, 11): [1, 4, 13, 11], (1, 16): [1, 3, 1, 5, 7, 16], (1, 19): [1, 5, 8, 15, 19]}
345: {(1, 11): [1, 4, 13, 11], (1, 16): [1, 3, 1, 5, 7, 16], (1, 19): [1, 5, 8, 15, 19]}
346: {(1, 11): [1, 4, 13, 11], (1, 16): [1, 3, 1, 5, 7, 16], (1, 19): [1, 5, 8, 15, 19]}
347: {(1, 11): [1, 4, 13, 11], (1, 16): [1, 3, 1, 5, 7, 16], (1, 19): [1, 5, 8, 15, 19]}
348: {(1, 11): [1, 4, 13, 11], (1, 16): [1, 3, 1, 5, 7, 16], (1, 19): [1, 5, 8, 15, 19]}
349: {(1, 11): [1, 4, 13, 11], (1, 16): [1, 3, 1, 5, 7, 16], (1, 19): [1, 5, 8, 15, 19]}
350: {(1, 11): [1, 4, 13, 11], (1, 16): [1, 3, 1, 5, 7, 16], (1, 19): [1, 5, 8, 15, 19]}
351: {(1, 11): [1, 4, 13, 11], (1, 16): [1, 3, 1, 5, 7, 16], (1, 19): [1, 5, 8, 15, 19]}
352: {(1, 11): [1, 4, 13, 11], (1, 16): [1, 3, 1, 5, 7, 16], (1, 19): [1, 5, 8, 15, 19]}
353: {(1, 11): [1, 4, 13, 11], (1, 16): [1, 3, 1, 5, 7, 16], (1, 19): [1, 5, 8, 15, 19]}
354: {(1, 11): [1, 4, 13, 11], (1, 16): [1, 3, 1, 5, 7, 16], (1, 19): [1, 5, 8, 15, 19]}
355: {(1, 11): [1, 4, 13, 11], (1, 16): [1, 3, 1, 5, 7, 16], (1, 19): [1, 5, 8, 15, 19]}
356: {(1, 11): [1, 4, 13, 11], (1, 16): [1, 3, 1, 5, 7, 16], (1, 19): [1, 5, 8, 15, 19]}
357: {(1, 11): [1, 4, 13, 11], (1, 16): [1, 3, 1, 5, 7, 16], (1, 19): [1, 5, 8, 15, 19]}
358: {(1, 11): [1, 4, 13, 11], (1, 16): [1, 3, 1, 5, 7, 16], (1, 19): [1, 5, 8, 15, 19]}
359: {(1, 11): [1, 4, 13, 11], (1, 16): [1, 3, 1, 5, 7, 16], (1, 19): [1, 5, 8, 15, 19]}
360: {(1, 11): [1, 4, 13, 11], (1, 16): [1, 3, 1, 5, 7, 16], (1, 19): [1, 5, 8, 15, 19]}
361: {(1, 11): [1, 4, 13, 11], (1, 16): [1, 3, 1, 5, 7, 16], (1, 19): [1, 5, 8, 15, 19]}
362: {(1, 11): [1, 4, 13, 11], (1, 16): [1, 3, 1, 5, 7, 16], (1, 19): [1, 5, 8, 15, 19]}
363: {(1, 11): [1, 4, 13, 11], (1, 16): [1, 3, 1, 5, 7, 16], (1, 19): [1, 5, 8, 15, 19]}
364: {(1, 11): [1, 4, 13, 11], (1, 16): [1, 3, 1, 5, 7, 16], (1, 19): [1, 5, 8, 15, 19]}
365: {(1, 11): [1, 4, 13, 11], (1, 16): [1, 3, 1, 5, 7, 16], (1, 19): [1, 5, 8, 15, 19]}
366: {(1, 11): [1, 4, 13, 11], (1, 16): [1, 3, 1, 5, 7, 16], (1, 19): [1, 5, 8, 15, 19]}
367: {(1, 11): [1, 4, 13, 11], (1, 16): [1, 3, 1, 5, 7, 16], (1, 19): [1, 5, 8, 15, 19]}
368: {(1, 11): [1, 4, 13, 11], (1, 16): [1, 3, 1, 5, 7, 16], (1, 19): [1, 5, 8, 15, 19]}
369: {(1, 11): [1, 4, 13, 11], (1, 16): [1, 3, 1, 5, 7, 16], (1, 19): [1, 5, 8, 15, 19]}
370: {(1, 11): [1, 4, 13, 11], (1, 16): [1, 3, 1, 5, 7, 16], (1, 19): [1, 5, 8, 15, 19]}
371: {(1, 11): [1, 4, 13, 11], (1, 16): [1, 3, 1, 5, 7, 16], (1, 19): [1, 5, 8, 15, 19]}
372: {(1, 11): [1, 4, 13, 11], (1, 16): [1, 3, 1, 5, 7, 16], (1, 19): [1, 5, 8, 15, 19]}
373: {(1, 11): [1, 4, 13, 11], (1, 16): [1, 3, 1, 5, 7, 16], (1, 19): [1, 5, 8, 15, 19]}
374: {(1, 11): [1, 4, 13, 11], (1, 16): [1, 3, 1, 5, 7, 16], (1, 19): [1, 5, 8, 15, 19]}
375: {(1, 11): [1, 4, 13, 11], (1, 16): [1, 3, 1, 5, 7, 16], (1, 19): [1, 5, 8, 15, 19]}
376: {(1, 11): [1, 4, 13, 11], (1, 16): [1, 3, 1, 5, 7, 16], (1, 19): [1, 5, 8, 15, 19]}
377: {(1, 11): [1, 4, 13, 11], (1, 16): [1, 3, 1, 5, 7, 16], (1, 19): [1, 5, 8, 15, 19]}
378: {(1, 11): [1, 4, 13, 11], (1, 16): [1, 3, 1, 5, 7, 16], (1, 19): [1, 5, 8, 15, 19]}
379: {(1, 11): [1, 4, 13, 11], (1, 16): [1, 3, 1, 5, 7, 16], (1, 19): [1, 5, 8, 15, 19]}
380: {(1, 11): [1, 4, 13, 11], (1, 16): [1, 3, 1, 5, 7, 16], (1, 19): [1, 5, 8, 15, 19]}
381: {(1, 11): [1, 4, 13, 11], (1, 16): [1, 3, 1, 5, 7, 16], (1, 19): [1, 5, 8, 15, 19]}
382: {(1, 11): [1, 4, 13, 11], (1, 16): [1, 3, 1, 5, 7, 16], (1, 19): [1, 5, 8, 15, 19]}
383: {(1, 11): [1, 4, 13, 11], (1, 16): [1, 3, 1, 5, 7, 16], (1, 19): [1, 5, 8, 15, 19]}
384: {(1, 11): [1, 4, 13, 11], (1, 16): [1, 3, 1, 5, 7, 16], (1, 19): [1, 5, 8, 15, 19]}
385: {(1, 11): [1, 4, 13, 11], (1, 16): [1, 3, 1, 5, 7, 16], (1, 19): [1, 5, 8, 15, 19]}
386: {(1, 11): [1, 4, 13, 11], (1, 16): [1, 3, 1, 5, 7, 16], (1, 19): [1, 5, 8, 15, 19]}
387: {(1, 11): [1, 4, 13, 11], (1, 16): [1, 3, 1, 5, 7, 16], (1, 19): [1, 5, 8, 15, 19]}
388: {(1, 11): [1, 4, 13, 11], (1, 16): [1, 3, 1, 5, 7, 16], (1, 19): [1, 5, 8, 15, 19]}
389: {(1, 11): [1, 4, 13, 11], (1, 16): [1, 3, 1, 5, 7, 16], (1, 19): [1, 5, 8, 15, 19]}
390: {(1, 11): [1, 4, 13, 11], (1, 16): [1, 3, 1, 5, 7, 16], (1, 19): [1, 5, 8, 15, 19]}
391: {(1, 11): [1, 4, 13, 11], (1, 16): [1, 3, 1, 5, 7, 16], (1, 19): [1, 5, 8, 15, 19]}
392: {(1, 11): [1, 4, 13, 11], (1, 16): [1, 3, 1, 5, 7, 16], (1, 19): [1, 5, 8, 15, 19]}
393: {(1, 11): [1, 4, 13, 11], (1, 16): [1, 3, 1, 5, 7, 16], (1, 19): [1, 5, 8, 15, 19]}
394: {(1, 11): [1, 4, 13, 11], (1, 16): [1, 3, 1, 5, 7, 16], (1, 19): [1, 5, 8, 15, 19]}
395: {(1, 11): [1, 4, 13, 11], (1, 16): [1, 3, 1, 5, 7, 16], (1, 19): [1, 5, 8, 15, 19]}
396: {(1, 11): [1, 4, 13, 11], (1, 16): [1, 3, 1, 5, 7, 16], (1, 19): [1, 5, 8, 15, 19]}
397: {(1, 11): [1, 4, 13, 11], (1, 16): [1, 3, 1, 5, 7, 16], (1, 19): [1, 5, 8, 15, 19]}
398: {(1, 11): [1, 4, 13, 11], (1, 16): [1, 3, 1, 5, 7, 16], (1, 19): [1, 5, 8, 15, 19]}
399: {(1, 11): [1, 4, 13, 11], (1, 16): [1, 3, 1, 5, 7, 16], (1, 19): [1, 5, 8, 15, 19]}
400: {(1, 11): [1, 4, 13, 11], (1, 16): [1, 3, 1, 5, 7, 16], (1, 19): [1, 5, 8, 15, 19]}
401: {(1, 11): [1, 4, 13, 11], (1, 16): [1, 3, 1, 5, 7, 16], (1, 19): [1, 5, 8, 15, 19]}
402: {(1, 11): [1, 4, 13, 11], (1, 16): [1, 3, 1, 5, 7, 16], (1, 19): [1, 5, 8, 15, 19]}
403: {(1, 11): [1, 4, 13, 11], (1, 16): [1, 3, 1, 5, 7, 16], (1, 19): [1, 5, 8, 15, 19]}
404: {(1, 11): [1, 4, 13, 11], (1, 16): [1, 3, 1, 5, 7, 16], (1, 19): [1, 5, 8, 15, 19]}
405: {(1, 11): [1, 4, 13, 11], (1, 16): [1, 3, 1, 5, 7, 16], (1, 19): [1, 5, 8, 15, 19]}
406: {(1, 11): [1, 4, 13, 11], (1, 16): [1, 3, 1, 5, 7, 16], (1, 19): [1, 5, 8, 15, 19]}
407: {(1, 11): [1, 4, 13, 11], (1, 16): [1, 3, 1, 5, 7, 16], (1, 19): [1, 5, 8, 15, 19]}
408: {(1, 11): [1, 4, 13, 11], (1, 16): [1, 3, 1, 5, 7, 16], (1, 19): [1, 5, 8, 15, 19]}
409: {(1, 11): [1, 4, 13, 11], (1, 16): [1, 3, 1, 5, 7, 16], (1, 19): [1, 5, 8, 15, 19]}
410: {(1, 11): [1, 4, 13, 11], (1, 16): [1, 3, 1, 5, 7, 16], (1, 19): [1, 5, 8, 15, 19]}
411: {(1, 11): [1, 4, 13, 11], (1, 16): [1, 3, 1, 5, 7, 16], (1, 19): [1, 5, 8, 15, 19]}
412: {(1, 11): [1, 4, 13, 11], (1, 16): [1, 3, 1, 5, 7, 16], (1, 19): [1, 5, 8, 15, 19]}
413: {(1, 11): [1, 4, 13, 11], (1, 16): [1, 3, 1, 5, 7, 16], (1, 19): [1, 5, 8, 15, 19]}
414: {(1, 11): [1, 4, 13, 11], (1, 16): [1, 3, 1, 5, 7, 16], (1, 19): [1, 5, 8, 15, 19]}
415: {(1, 11): [1, 4, 13, 11], (1, 16): [1, 3, 1, 5, 7, 16], (1, 19): [1, 5, 8, 15, 19]}
416: {(1, 11): [1, 4, 13, 11], (1, 16): [1, 3, 1, 5, 7, 16], (1, 19): [1, 5, 8, 15, 19]}
417: {(1, 11): [1, 4, 13, 11], (1, 16): [1, 3, 1, 5, 7, 16], (1, 19): [1, 5, 8, 15, 19]}
418: {(1, 11): [1, 4, 13, 11], (1, 16): [1, 3, 1, 5, 7, 16], (1, 19): [1, 5, 8, 15, 19]}
419: {(1, 11): [1, 4, 13, 11], (1, 16): [1, 3, 1, 5, 7, 16], (1, 19): [1, 5, 8, 15, 19]}
420: {(1, 11): [1, 4, 13, 11], (1, 16): [1, 3, 1, 5, 7, 16], (1, 19): [1, 5, 8, 15, 19]}
421: {(1, 11): [1, 4, 13, 11], (1, 16): [1, 3, 1, 5, 7, 16], (1, 19): [1, 5, 8, 15, 19]}
422: {(1, 11): [1, 4, 13, 11], (1, 16): [1, 3, 1, 5, 7, 16], (1, 19): [1, 5, 8, 15, 19]}
423: {(1, 11): [1, 4, 13, 11], (1, 16): [1, 3, 1, 5, 7, 16], (1, 19): [1, 5, 8, 15, 19]}
424: {(1, 11): [1, 4, 13, 11], (1, 16): [1, 3, 1, 5, 7, 16], (1, 19): [1, 5, 8, 15, 19]}
425: {(1, 11): [1, 4, 13, 11], (1, 16): [1, 3, 1, 5, 7, 16], (1, 19): [1, 5, 8, 15, 19]}
426: {(1, 11): [1, 4, 13, 11], (1, 16): [1, 3, 1, 5, 7, 16], (1, 19): [1, 5, 8, 15, 19]}
427: {(1, 11): [1, 4, 13, 11], (1, 16): [1, 3, 1, 5, 7, 16], (1, 19): [1, 5, 8, 15, 19]}
428: {(1, 11): [1, 4, 13, 11], (1, 16): [1, 3, 1, 5, 7, 16], (1, 19): [1, 5, 8, 15, 19]}
429: {(1, 11): [1, 4, 13, 11], (1, 16): [1, 3, 1, 5, 7, 16], (1, 19): [1, 5, 8, 15, 19]}
430: {(1, 11): [1, 4, 13, 11], (1, 16): [1, 3, 1, 5, 7, 16], (1, 19): [1, 5, 8, 15, 19]}
431: {(1, 11): [1, 4, 13, 11], (1, 16): [1, 3, 1, 5, 7, 16], (1, 19): [1, 5, 8, 15, 19]}
432: {(1, 11): [1, 4, 13, 11], (1, 16): [1, 3, 1, 5, 7, 16], (1, 19): [1, 5, 8, 15, 19]}
433: {(1, 11): [1, 4, 13, 11], (1, 16): [1, 3, 1, 5, 7, 16], (1, 19): [1, 5, 8, 15, 19]}
434: {(1, 11): [1, 4, 13, 11], (1, 16): [1, 3, 1, 5, 7, 16], (1, 19): [1, 5, 8, 15, 19]}
435: {(1, 11): [1, 4, 13, 11], (1, 16): [1, 3, 1, 5, 7, 16], (1, 19): [1, 5, 8, 15, 19]}
436: {(1, 11): [1, 4, 13, 11], (1, 16): [1, 3, 1, 5, 7, 16], (1, 19): [1, 5, 8, 15, 19]}
437: {(1, 11): [1, 4, 13, 11], (1, 16): [1, 3, 1, 5, 7, 16], (1, 19): [1, 5, 8, 15, 19]}
438: {(1, 11): [1, 4, 13, 11], (1, 16): [1, 3, 1, 5, 7, 16], (1, 19): [1, 5, 8, 15, 19]}
439: {(1, 11): [1, 4, 13, 11], (1, 16): [1, 3, 1, 5, 7, 16], (1, 19): [1, 5, 8, 15, 19]}
440: {(1, 11): [1, 4, 13, 11], (1, 16): [1, 3, 1, 5, 7, 16], (1, 19): [1, 5, 8, 15, 19]}
441: {(1, 11): [1, 4, 13, 11], (1, 16): [1, 3, 1, 5, 7, 16], (1, 19): [1, 5, 8, 15, 19]}
442: {(1, 11): [1, 4, 13, 11], (1, 16): [1, 3, 1, 5, 7, 16], (1, 19): [1, 5, 8, 15, 19]}
443: {(1, 11): [1, 4, 13, 11], (1, 16): [1, 3, 1, 5, 7, 16], (1, 19): [1, 5, 8, 15, 19]}
444: {(1, 11): [1, 4, 13, 11], (1, 16): [1, 3, 1, 5, 7, 16], (1, 19): [1, 5, 8, 15, 19]}
445: {(1, 11): [1, 4, 13, 11], (1, 16): [1, 3, 1, 5, 7, 16], (1, 19): [1, 5, 8, 15, 19]}
446: {(1, 11): [1, 4, 13, 11], (1, 16): [1, 3, 1, 5, 7, 16], (1, 19): [1, 5, 8, 15, 19]}
447: {(1, 11): [1, 4, 13, 11], (1, 16): [1, 3, 1, 5, 7, 16], (1, 19): [1, 5, 8, 15, 19]}
448: {(1, 11): [1, 4, 13, 11], (1, 16): [1, 3, 1, 5, 7, 16], (1, 19): [1, 5, 8, 15, 19]}
449: {(1, 11): [1, 4, 13, 11], (1, 16): [1, 3, 1, 5, 7, 16], (1, 19): [1, 5, 8, 15, 19]}
450: {(1, 11): [1, 4, 13, 11], (1, 16): [1, 3, 1, 5, 7, 16], (1, 19): [1, 5, 8, 15, 19]}
451: {(1, 11): [1, 4, 13, 11], (1, 16): [1, 3, 1, 5, 7, 16], (1, 19): [1, 5, 8, 15, 19]}
452: {(1, 11): [1, 4, 13, 11], (1, 16): [1, 3, 1, 5, 7, 16], (1, 19): [1, 5, 8, 15, 19]}
453: {(1, 11): [1, 4, 13, 11], (1, 16): [1, 3, 1, 5, 7, 16], (1, 19): [1, 5, 8, 15, 19]}
454: {(1, 11): [1, 4, 13, 11], (1, 16): [1, 3, 1, 5, 7, 16], (1, 19): [1, 5, 8, 15, 19]}
455: {(1, 11): [1, 4, 13, 11], (1, 16): [1, 3, 1, 5, 7, 16], (1, 19): [1, 5, 8, 15, 19]}
456: {(1, 11): [1, 4, 13, 11], (1, 16): [1, 3, 1, 5, 7, 16], (1, 19): [1, 5, 8, 15, 19]}
457: {(1, 11): [1, 4, 13, 11], (1, 16): [1, 3, 1, 5, 7, 16], (1, 19): [1, 5, 8, 15, 19]}
458: {(1, 11): [1, 4, 13, 11], (1, 16): [1, 3, 1, 5, 7, 16], (1, 19): [1, 5, 8, 15, 19]}
459: {(1, 11): [1, 4, 13, 11], (1, 16): [1, 3, 1, 5, 7, 16], (1, 19): [1, 5, 8, 15, 19]}
460: {(1, 11): [1, 4, 13, 11], (1, 16): [1, 3, 1, 5, 7, 16], (1, 19): [1, 5, 8, 15, 19]}
461: {(1, 11): [1, 4, 13, 11], (1, 16): [1, 3, 1, 5, 7, 16], (1, 19): [1, 5, 8, 15, 19]}
462: {(1, 11): [1, 4, 13, 11], (1, 16): [1, 3, 1, 5, 7, 16], (1, 19): [1, 5, 8, 15, 19]}
463: {(1, 11): [1, 4, 13, 11], (1, 16): [1, 3, 1, 5, 7, 16], (1, 19): [1, 5, 8, 15, 19]}
464: {(1, 11): [1, 4, 13, 11], (1, 16): [1, 3, 1, 5, 7, 16], (1, 19): [1, 5, 8, 15, 19]}
465: {(1, 11): [1, 4, 13, 11], (1, 16): [1, 3, 1, 5, 7, 16], (1, 19): [1, 5, 8, 15, 19]}
466: {(1, 11): [1, 4, 13, 11], (1, 16): [1, 3, 1, 5, 7, 16], (1, 19): [1, 5, 8, 15, 19]}
467: {(1, 11): [1, 4, 13, 11], (1, 16): [1, 3, 1, 5, 7, 16], (1, 19): [1, 5, 8, 15, 19]}
468: {(1, 11): [1, 4, 13, 11], (1, 16): [1, 3, 1, 5, 7, 16], (1, 19): [1, 5, 8, 15, 19]}
469: {(1, 11): [1, 4, 13, 11], (1, 16): [1, 3, 1, 5, 7, 16], (1, 19): [1, 5, 8, 15, 19]}
470: {(1, 11): [1, 4, 13, 11], (1, 16): [1, 3, 1, 5, 7, 16], (1, 19): [1, 5, 8, 15, 19]}
471: {(1, 11): [1, 4, 13, 11], (1, 16): [1, 3, 1, 5, 7, 16], (1, 19): [1, 5, 8, 15, 19]}
472: {(1, 11): [1, 4, 13, 11], (1, 16): [1, 3, 1, 5, 7, 16], (1, 19): [1, 5, 8, 15, 19]}
473: {(1, 11): [1, 4, 13, 11], (1, 16): [1, 3, 1, 5, 7, 16], (1, 19): [1, 5, 8, 15, 19]}
474: {(1, 11): [1, 4, 13, 11], (1, 16): [1, 3, 1, 5, 7, 16], (1, 19): [1, 5, 8, 15, 19]}
475: {(1, 11): [1, 4, 13, 11], (1, 16): [1, 3, 1, 5, 7, 16], (1, 19): [1, 5, 8, 15, 19]}
476: {(1, 11): [1, 4, 13, 11], (1, 16): [1, 3, 1, 5, 7, 16], (1, 19): [1, 5, 8, 15, 19]}
477: {(1, 11): [1, 4, 13, 11], (1, 16): [1, 3, 1, 5, 7, 16], (1, 19): [1, 5, 8, 15, 19]}
478: {(1, 11): [1, 4, 13, 11], (1, 16): [1, 3, 1, 5, 7, 16], (1, 19): [1, 5, 8, 15, 19]}
479: {(1, 11): [1, 4, 13, 11], (1, 16): [1, 3, 1, 5, 7, 16], (1, 19): [1, 5, 8, 15, 19]}
480: {(1, 11): [1, 4, 13, 11], (1, 16): [1, 3, 1, 5, 7, 16], (1, 19): [1, 5, 8, 15, 19]}
481: {(1, 11): [1, 4, 13, 11], (1, 16): [1, 3, 1, 5, 7, 16], (1, 19): [1, 5, 8, 15, 19]}
482: {(1, 11): [1, 4, 13, 11], (1, 16): [1, 3, 1, 5, 7, 16], (1, 19): [1, 5, 8, 15, 19]}
483: {(1, 11): [1, 4, 13, 11], (1, 16): [1, 3, 1, 5, 7, 16], (1, 19): [1, 5, 8, 15, 19]}
484: {(1, 11): [1, 4, 13, 11], (1, 16): [1, 3, 1, 5, 7, 16], (1, 19): [1, 5, 8, 15, 19]}
485: {(1, 11): [1, 4, 13, 11], (1, 16): [1, 3, 1, 5, 7, 16], (1, 19): [1, 5, 8, 15, 19]}
486: {(1, 11): [1, 4, 13, 11], (1, 16): [1, 3, 1, 5, 7, 16], (1, 19): [1, 5, 8, 15, 19]}
487: {(1, 11): [1, 4, 13, 11], (1, 16): [1, 3, 1, 5, 7, 16], (1, 19): [1, 5, 8, 15, 19]}
488: {(1, 11): [1, 4, 13, 11], (1, 16): [1, 3, 1, 5, 7, 16], (1, 19): [1, 5, 8, 15, 19]}
489: {(1, 11): [1, 4, 13, 11], (1, 16): [1, 3, 1, 5, 7, 16], (1, 19): [1, 5, 8, 15, 19]}
490: {(1, 11): [1, 4, 13, 11], (1, 16): [1, 3, 1, 5, 7, 16], (1, 19): [1, 5, 8, 15, 19]}
491: {(1, 11): [1, 4, 13, 11], (1, 16): [1, 3, 1, 5, 7, 16], (1, 19): [1, 5, 8, 15, 19]}
492: {(1, 11): [1, 4, 13, 11], (1, 16): [1, 3, 1, 5, 7, 16], (1, 19): [1, 5, 8, 15, 19]}
493: {(1, 11): [1, 4, 13, 11], (1, 16): [1, 3, 1, 5, 7, 16], (1, 19): [1, 5, 8, 15, 19]}
494: {(1, 11): [1, 4, 13, 11], (1, 16): [1, 3, 1, 5, 7, 16], (1, 19): [1, 5, 8, 15, 19]}
495: {(1, 11): [1, 4, 13, 11], (1, 16): [1, 3, 1, 5, 7, 16], (1, 19): [1, 5, 8, 15, 19]}
496: {(1, 11): [1, 4, 13, 11], (1, 16): [1, 3, 1, 5, 7, 16], (1, 19): [1, 5, 8, 15, 19]}
497: {(1, 11): [1, 4, 13, 11], (1, 16): [1, 3, 1, 5, 7, 16], (1, 19): [1, 5, 8, 15, 19]}
498: {(1, 11): [1, 4, 13, 11], (1, 16): [1, 3, 1, 5, 7, 16], (1, 19): [1, 5, 8, 15, 19]}
499: {(1, 11): [1, 4, 13, 11], (1, 16): [1, 3, 1, 5, 7, 16], (1, 19): [1, 5, 8, 15, 19]}
500: {(1, 11): [1, 4, 13, 11], (1, 16): [1, 3, 1, 5, 7, 16], (1, 19): [1, 5, 8, 15, 19]}
501: {(1, 11): [1, 4, 13, 11], (1, 16): [1, 3, 1, 5, 7, 16], (1, 19): [1, 5, 8, 15, 19]}
502: {(1, 11): [1, 4, 13, 11], (1, 16): [1, 3, 1, 5, 7, 16], (1, 19): [1, 5, 8, 15, 19]}
503: {(1, 11): [1, 4, 13, 11], (1, 16): [1, 3, 1, 5, 7, 16], (1, 19): [1, 5, 8, 15, 19]}
504: {(1, 11): [1, 4, 13, 11], (1, 16): [1, 3, 1, 5, 7, 16], (1, 19): [1, 5, 8, 15, 19]}
505: {(1, 11): [1, 4, 13, 11], (1, 16): [1, 3, 1, 5, 7, 16], (1, 19): [1, 5, 8, 15, 19]}
506: {(1, 11): [1, 4, 13, 11], (1, 16): [1, 3, 1, 5, 7, 16], (1, 19): [1, 5, 8, 15, 19]}
507: {(1, 11): [1, 4, 13, 11], (1, 16): [1, 3, 1, 5, 7, 16], (1, 19): [1, 5, 8, 15, 19]}
508: {(1, 11): [1, 4, 13, 11], (1, 16): [1, 3, 1, 5, 7, 16], (1, 19): [1, 5, 8, 15, 19]}
509: {(1, 11): [1, 4, 13, 11], (1, 16): [1, 3, 1, 5, 7, 16], (1, 19): [1, 5, 8, 15, 19]}
510: {(1, 11): [1, 4, 13, 11], (1, 16): [1, 3, 1, 5, 7, 16], (1, 19): [1, 5, 8, 15, 19]}
511: {(1, 11): [1, 4, 13, 11], (1, 16): [1, 3, 1, 5, 7, 16], (1, 19): [1, 5, 8, 15, 19]}
512: {(1, 11): [1, 4, 13, 11], (1, 16): [1, 3, 1, 5, 7, 16], (1, 19): [1, 5, 8, 15, 19]}
513: {(1, 11): [1, 4, 13, 11], (1, 16): [1, 3, 1, 5, 7, 16], (1, 19): [1, 5, 8, 15, 19]}
514: {(1, 11): [1, 4, 13, 11], (1, 16): [1, 3, 1, 5, 7, 16], (1, 19): [1, 5, 8, 15, 19]}
515: {(1, 11): [1, 4, 13, 11], (1, 16): [1, 3, 1, 5, 7, 16], (1, 19): [1, 5, 8, 15, 19]}
516: {(1, 11): [1, 4, 13, 11], (1, 16): [1, 3, 1, 5, 7, 16], (1, 19): [1, 5, 8, 15, 19]}
517: {(1, 11): [1, 4, 13, 11], (1, 16): [1, 3, 1, 5, 7, 16], (1, 19): [1, 5, 8, 15, 19]}
518: {(1, 11): [1, 4, 13, 11], (1, 16): [1, 3, 1, 5, 7, 16], (1, 19): [1, 5, 8, 15, 19]}
519: {(1, 11): [1, 4, 13, 11], (1, 16): [1, 3, 1, 5, 7, 16], (1, 19): [1, 5, 8, 15, 19]}
520: {(1, 11): [1, 4, 13, 11], (1, 16): [1, 3, 1, 5, 7, 16], (1, 19): [1, 5, 8, 15, 19]}
521: {(1, 11): [1, 4, 13, 11], (1, 16): [1, 3, 1, 5, 7, 16], (1, 19): [1, 5, 8, 15, 19]}
522: {(1, 11): [1, 4, 13, 11], (1, 16): [1, 3, 1, 5, 7, 16], (1, 19): [1, 5, 8, 15, 19]}
523: {(1, 11): [1, 4, 13, 11], (1, 16): [1, 3, 1, 5, 7, 16], (1, 19): [1, 5, 8, 15, 19]}
524: {(1, 11): [1, 4, 13, 11], (1, 16): [1, 3, 1, 5, 7, 16], (1, 19): [1, 5, 8, 15, 19]}
525: {(1, 11): [1, 4, 13, 11], (1, 16): [1, 3, 1, 5, 7, 16], (1, 19): [1, 5, 8, 15, 19]}
526: {(1, 11): [1, 4, 13, 11], (1, 16): [1, 3, 1, 5, 7, 16], (1, 19): [1, 5, 8, 15, 19]}
527: {(1, 11): [1, 4, 13, 11], (1, 16): [1, 3, 1, 5, 7, 16], (1, 19): [1, 5, 8, 15, 19]}
528: {(1, 11): [1, 4, 13, 11], (1, 16): [1, 3, 1, 5, 7, 16], (1, 19): [1, 5, 8, 15, 19]}
529: {(1, 11): [1, 4, 13, 11], (1, 16): [1, 3, 1, 5, 7, 16], (1, 19): [1, 5, 8, 15, 19]}
530: {(1, 11): [1, 4, 13, 11], (1, 16): [1, 3, 1, 5, 7, 16], (1, 19): [1, 5, 8, 15, 19]}
531: {(1, 11): [1, 4, 13, 11], (1, 16): [1, 3, 1, 5, 7, 16], (1, 19): [1, 5, 8, 15, 19]}
532: {(1, 11): [1, 4, 13, 11], (1, 16): [1, 3, 1, 5, 7, 16], (1, 19): [1, 5, 8, 15, 19]}
533: {(1, 11): [1, 4, 13, 11], (1, 16): [1, 3, 1, 5, 7, 16], (1, 19): [1, 5, 8, 15, 19]}
534: {(1, 11): [1, 4, 13, 11], (1, 16): [1, 3, 1, 5, 7, 16], (1, 19): [1, 5, 8, 15, 19]}
535: {(1, 11): [1, 4, 13, 11], (1, 16): [1, 3, 1, 5, 7, 16], (1, 19): [1, 5, 8, 15, 19]}
536: {(1, 11): [1, 4, 13, 11], (1, 16): [1, 3, 1, 5, 7, 16], (1, 19): [1, 5, 8, 15, 19]}
537: {(1, 11): [1, 4, 13, 11], (1, 16): [1, 3, 1, 5, 7, 16], (1, 19): [1, 5, 8, 15, 19]}
538: {(1, 11): [1, 4, 13, 11], (1, 16): [1, 3, 1, 5, 7, 16], (1, 19): [1, 5, 8, 15, 19]}
539: {(1, 11): [1, 4, 13, 11], (1, 16): [1, 3, 1, 5, 7, 16], (1, 19): [1, 5, 8, 15, 19]}
540: {(1, 11): [1, 4, 13, 11], (1, 16): [1, 3, 1, 5, 7, 16], (1, 19): [1, 5, 8, 15, 19]}
541: {(1, 11): [1, 4, 13, 11], (1, 16): [1, 3, 1, 5, 7, 16], (1, 19): [1, 5, 8, 15, 19]}
542: {(1, 11): [1, 4, 13, 11], (1, 16): [1, 3, 1, 5, 7, 16], (1, 19): [1, 5, 8, 15, 19]}
543: {(1, 11): [1, 4, 13, 11], (1, 16): [1, 3, 1, 5, 7, 16], (1, 19): [1, 5, 8, 15, 19]}
544: {(1, 11): [1, 4, 13, 11], (1, 16): [1, 3, 1, 5, 7, 16], (1, 19): [1, 5, 8, 15, 19]}
545: {(1, 11): [1, 4, 13, 11], (1, 16): [1, 3, 1, 5, 7, 16], (1, 19): [1, 5, 8, 15, 19]}
546: {(1, 11): [1, 4, 13, 11], (1, 16): [1, 3, 1, 5, 7, 16], (1, 19): [1, 5, 8, 15, 19]}
547: {(1, 11): [1, 4, 13, 11], (1, 16): [1, 3, 1, 5, 7, 16], (1, 19): [1, 5, 8, 15, 19]}
548: {(1, 11): [1, 4, 13, 11], (1, 16): [1, 3, 1, 5, 7, 16], (1, 19): [1, 5, 8, 15, 19]}
549: {(1, 11): [1, 4, 13, 11], (1, 16): [1, 3, 1, 5, 7, 16], (1, 19): [1, 5, 8, 15, 19]}
550: {(1, 11): [1, 4, 13, 11], (1, 16): [1, 3, 1, 5, 7, 16], (1, 19): [1, 5, 8, 15, 19]}
551: {(1, 11): [1, 4, 13, 11], (1, 16): [1, 3, 1, 5, 7, 16], (1, 19): [1, 5, 8, 15, 19]}
552: {(1, 11): [1, 4, 13, 11], (1, 16): [1, 3, 1, 5, 7, 16], (1, 19): [1, 5, 8, 15, 19]}
553: {(1, 11): [1, 4, 13, 11], (1, 16): [1, 3, 1, 5, 7, 16], (1, 19): [1, 5, 8, 15, 19]}
554: {(1, 11): [1, 4, 13, 11], (1, 16): [1, 3, 1, 5, 7, 16], (1, 19): [1, 5, 8, 15, 19]}
555: {(1, 11): [1, 4, 13, 11], (1, 16): [1, 3, 1, 5, 7, 16], (1, 19): [1, 5, 8, 15, 19]}
556: {(1, 11): [1, 4, 13, 11], (1, 16): [1, 3, 1, 5, 7, 16], (1, 19): [1, 5, 8, 15, 19]}
557: {(1, 11): [1, 4, 13, 11], (1, 16): [1, 3, 1, 5, 7, 16], (1, 19): [1, 5, 8, 15, 19]}
558: {(1, 11): [1, 4, 13, 11], (1, 16): [1, 3, 1, 5, 7, 16], (1, 19): [1, 5, 8, 15, 19]}
559: {(1, 11): [1, 4, 13, 11], (1, 16): [1, 3, 1, 5, 7, 16], (1, 19): [1, 5, 8, 15, 19]}
560: {(1, 11): [1, 4, 13, 11], (1, 16): [1, 3, 1, 5, 7, 16], (1, 19): [1, 5, 8, 15, 19]}
561: {(1, 11): [1, 4, 13, 11], (1, 16): [1, 3, 1, 5, 7, 16], (1, 19): [1, 5, 8, 15, 19]}
562: {(1, 11): [1, 4, 13, 11], (1, 16): [1, 3, 1, 5, 7, 16], (1, 19): [1, 5, 8, 15, 19]}
563: {(1, 11): [1, 4, 13, 11], (1, 16): [1, 3, 1, 5, 7, 16], (1, 19): [1, 5, 8, 15, 19]}
564: {(1, 11): [1, 4, 13, 11], (1, 16): [1, 3, 1, 5, 7, 16], (1, 19): [1, 5, 8, 15, 19]}
565: {(1, 11): [1, 4, 13, 11], (1, 16): [1, 3, 1, 5, 7, 16], (1, 19): [1, 5, 8, 15, 19]}
566: {(1, 11): [1, 4, 13, 11], (1, 16): [1, 3, 1, 5, 7, 16], (1, 19): [1, 5, 8, 15, 19]}
567: {(1, 11): [1, 4, 13, 11], (1, 16): [1, 3, 1, 5, 7, 16], (1, 19): [1, 5, 8, 15, 19]}
568: {(1, 11): [1, 4, 13, 11], (1, 16): [1, 3, 1, 5, 7, 16], (1, 19): [1, 5, 8, 15, 19]}
569: {(1, 11): [1, 4, 13, 11], (1, 16): [1, 3, 1, 5, 7, 16], (1, 19): [1, 5, 8, 15, 19]}
570: {(1, 11): [1, 4, 13, 11], (1, 16): [1, 3, 1, 5, 7, 16], (1, 19): [1, 5, 8, 15, 19]}
571: {(1, 11): [1, 4, 13, 11], (1, 16): [1, 3, 1, 5, 7, 16], (1, 19): [1, 5, 8, 15, 19]}
572: {(1, 11): [1, 4, 13, 11], (1, 16): [1, 3, 1, 5, 7, 16], (1, 19): [1, 5, 8, 15, 19]}
573: {(1, 11): [1, 4, 13, 11], (1, 16): [1, 3, 1, 5, 7, 16], (1, 19): [1, 5, 8, 15, 19]}
574: {(1, 11): [1, 4, 13, 11], (1, 16): [1, 3, 1, 5, 7, 16], (1, 19): [1, 5, 8, 15, 19]}
575: {(1, 11): [1, 4, 13, 11], (1, 16): [1, 3, 1, 5, 7, 16], (1, 19): [1, 5, 8, 15, 19]}
576: {(1, 11): [1, 4, 13, 11], (1, 16): [1, 3, 1, 5, 7, 16], (1, 19): [1, 5, 8, 15, 19]}
577: {(1, 11): [1, 4, 13, 11], (1, 16): [1, 3, 1, 5, 7, 16], (1, 19): [1, 5, 8, 15, 19]}
578: {(1, 11): [1, 4, 13, 11], (1, 16): [1, 3, 1, 5, 7, 16], (1, 19): [1, 5, 8, 15, 19]}
579: {(1, 11): [1, 4, 13, 11], (1, 16): [1, 3, 1, 5, 7, 16], (1, 19): [1, 5, 8, 15, 19]}
580: {(1, 11): [1, 4, 13, 11], (1, 16): [1, 3, 1, 5, 7, 16], (1, 19): [1, 5, 8, 15, 19]}
581: {(1, 11): [1, 4, 13, 11], (1, 16): [1, 3, 1, 5, 7, 16], (1, 19): [1, 5, 8, 15, 19]}
582: {(1, 11): [1, 4, 13, 11], (1, 16): [1, 3, 1, 5, 7, 16], (1, 19): [1, 5, 8, 15, 19]}
583: {(1, 11): [1, 4, 13, 11], (1, 16): [1, 3, 1, 5, 7, 16], (1, 19): [1, 5, 8, 15, 19]}
584: {(1, 11): [1, 4, 13, 11], (1, 16): [1, 3, 1, 5, 7, 16], (1, 19): [1, 5, 8, 15, 19]}
585: {(1, 11): [1, 4, 13, 11], (1, 16): [1, 3, 1, 5, 7, 16], (1, 19): [1, 5, 8, 15, 19]}
586: {(1, 11): [1, 4, 13, 11], (1, 16): [1, 3, 1, 5, 7, 16], (1, 19): [1, 5, 8, 15, 19]}
587: {(1, 11): [1, 4, 13, 11], (1, 16): [1, 3, 1, 5, 7, 16], (1, 19): [1, 5, 8, 15, 19]}
588: {(1, 11): [1, 4, 13, 11], (1, 16): [1, 3, 1, 5, 7, 16], (1, 19): [1, 5, 8, 15, 19]}
589: {(1, 11): [1, 4, 13, 11], (1, 16): [1, 3, 1, 5, 7, 16], (1, 19): [1, 5, 8, 15, 19]}
590: {(1, 11): [1, 4, 13, 11], (1, 16): [1, 3, 1, 5, 7, 16], (1, 19): [1, 5, 8, 15, 19]}
591: {(1, 11): [1, 4, 13, 11], (1, 16): [1, 3, 1, 5, 7, 16], (1, 19): [1, 5, 8, 15, 19]}
592: {(1, 11): [1, 4, 13, 11], (1, 16): [1, 3, 1, 5, 7, 16], (1, 19): [1, 5, 8, 15, 19]}
593: {(1, 11): [1, 4, 13, 11], (1, 16): [1, 3, 1, 5, 7, 16], (1, 19): [1, 5, 8, 15, 19]}
594: {(1, 11): [1, 4, 13, 11], (1, 16): [1, 3, 1, 5, 7, 16], (1, 19): [1, 5, 8, 15, 19]}
595: {(1, 11): [1, 4, 13, 11], (1, 16): [1, 3, 1, 5, 7, 16], (1, 19): [1, 5, 8, 15, 19]}
596: {(1, 11): [1, 4, 13, 11], (1, 16): [1, 3, 1, 5, 7, 16], (1, 19): [1, 5, 8, 15, 19]}
597: {(1, 11): [1, 4, 13, 11], (1, 16): [1, 3, 1, 5, 7, 16], (1, 19): [1, 5, 8, 15, 19]}
598: {(1, 11): [1, 4, 13, 11], (1, 16): [1, 3, 1, 5, 7, 16], (1, 19): [1, 5, 8, 15, 19]}
599: {(1, 11): [1, 4, 13, 11], (1, 16): [1, 3, 1, 5, 7, 16], (1, 19): [1, 5, 8, 15, 19]}
600: {(1, 11): [1, 4, 13, 11], (1, 16): [1, 3, 1, 5, 7, 16], (1, 19): [1, 5, 8, 15, 19]}
601: {(1, 11): [1, 4, 13, 11], (1, 16): [1, 3, 1, 5, 7, 16], (1, 19): [1, 5, 8, 15, 19]}
602: {(1, 11): [1, 4, 13, 11], (1, 16): [1, 3, 1, 5, 7, 16], (1, 19): [1, 5, 8, 15, 19]}
603: {(1, 11): [1, 4, 13, 11], (1, 16): [1, 3, 1, 5, 7, 16], (1, 19): [1, 5, 8, 15, 19]}
604: {(1, 11): [1, 4, 13, 11], (1, 16): [1, 3, 1, 5, 7, 16], (1, 19): [1, 5, 8, 15, 19]}
605: {(1, 11): [1, 4, 13, 11], (1, 16): [1, 3, 1, 5, 7, 16], (1, 19): [1, 5, 8, 15, 19]}
606: {(1, 11): [1, 4, 13, 11], (1, 16): [1, 3, 1, 5, 7, 16], (1, 19): [1, 5, 8, 15, 19]}
607: {(1, 11): [1, 4, 13, 11], (1, 16): [1, 3, 1, 5, 7, 16], (1, 19): [1, 5, 8, 15, 19]}
608: {(1, 11): [1, 4, 13, 11], (1, 16): [1, 3, 1, 5, 7, 16], (1, 19): [1, 5, 8, 15, 19]}
609: {(1, 11): [1, 4, 13, 11], (1, 16): [1, 3, 1, 5, 7, 16], (1, 19): [1, 5, 8, 15, 19]}
610: {(1, 11): [1, 4, 13, 11], (1, 16): [1, 3, 1, 5, 7, 16], (1, 19): [1, 5, 8, 15, 19]}
611: {(1, 11): [1, 4, 13, 11], (1, 16): [1, 3, 1, 5, 7, 16], (1, 19): [1, 5, 8, 15, 19]}
612: {(1, 11): [1, 4, 13, 11], (1, 16): [1, 3, 1, 5, 7, 16], (1, 19): [1, 5, 8, 15, 19]}
613: {(1, 11): [1, 4, 13, 11], (1, 16): [1, 3, 1, 5, 7, 16], (1, 19): [1, 5, 8, 15, 19]}
614: {(1, 11): [1, 4, 13, 11], (1, 16): [1, 3, 1, 5, 7, 16], (1, 19): [1, 5, 8, 15, 19]}
615: {(1, 11): [1, 4, 13, 11], (1, 16): [1, 3, 1, 5, 7, 16], (1, 19): [1, 5, 8, 15, 19]}
616: {(1, 11): [1, 4, 13, 11], (1, 16): [1, 3, 1, 5, 7, 16], (1, 19): [1, 5, 8, 15, 19]}
617: {(1, 11): [1, 4, 13, 11], (1, 16): [1, 3, 1, 5, 7, 16], (1, 19): [1, 5, 8, 15, 19]}
618: {(1, 11): [1, 4, 13, 11], (1, 16): [1, 3, 1, 5, 7, 16], (1, 19): [1, 5, 8, 15, 19]}
619: {(1, 11): [1, 4, 13, 11], (1, 16): [1, 3, 1, 5, 7, 16], (1, 19): [1, 5, 8, 15, 19]}
620: {(1, 11): [1, 4, 13, 11], (1, 16): [1, 3, 1, 5, 7, 16], (1, 19): [1, 5, 8, 15, 19]}
621: {(1, 11): [1, 4, 13, 11], (1, 16): [1, 3, 1, 5, 7, 16], (1, 19): [1, 5, 8, 15, 19]}
622: {(1, 11): [1, 4, 13, 11], (1, 16): [1, 3, 1, 5, 7, 16], (1, 19): [1, 5, 8, 15, 19]}
623: {(1, 11): [1, 4, 13, 11], (1, 16): [1, 3, 1, 5, 7, 16], (1, 19): [1, 5, 8, 15, 19]}
624: {(1, 11): [1, 4, 13, 11], (1, 16): [1, 3, 1, 5, 7, 16], (1, 19): [1, 5, 8, 15, 19]}
625: {(1, 11): [1, 4, 13, 11], (1, 16): [1, 3, 1, 5, 7, 16], (1, 19): [1, 5, 8, 15, 19]}
626: {(1, 11): [1, 4, 13, 11], (1, 16): [1, 3, 1, 5, 7, 16], (1, 19): [1, 5, 8, 15, 19]}
627: {(1, 11): [1, 4, 13, 11], (1, 16): [1, 3, 1, 5, 7, 16], (1, 19): [1, 5, 8, 15, 19]}
628: {(1, 11): [1, 4, 13, 11], (1, 16): [1, 3, 1, 5, 7, 16], (1, 19): [1, 5, 8, 15, 19]}
629: {(1, 11): [1, 4, 13, 11], (1, 16): [1, 3, 1, 5, 7, 16], (1, 19): [1, 5, 8, 15, 19]}
630: {(1, 11): [1, 4, 13, 11], (1, 16): [1, 3, 1, 5, 7, 16], (1, 19): [1, 5, 8, 15, 19]}
631: {(1, 11): [1, 4, 13, 11], (1, 16): [1, 3, 1, 5, 7, 16], (1, 19): [1, 5, 8, 15, 19]}
632: {(1, 11): [1, 4, 13, 11], (1, 16): [1, 3, 1, 5, 7, 16], (1, 19): [1, 5, 8, 15, 19]}
633: {(1, 11): [1, 4, 13, 11], (1, 16): [1, 3, 1, 5, 7, 16], (1, 19): [1, 5, 8, 15, 19]}
634: {(1, 11): [1, 4, 13, 11], (1, 16): [1, 3, 1, 5, 7, 16], (1, 19): [1, 5, 8, 15, 19]}
635: {(1, 11): [1, 4, 13, 11], (1, 16): [1, 3, 1, 5, 7, 16], (1, 19): [1, 5, 8, 15, 19]}
636: {(1, 11): [1, 4, 13, 11], (1, 16): [1, 3, 1, 5, 7, 16], (1, 19): [1, 5, 8, 15, 19]}
637: {(1, 11): [1, 4, 13, 11], (1, 16): [1, 3, 1, 5, 7, 16], (1, 19): [1, 5, 8, 15, 19]}
638: {(1, 11): [1, 4, 13, 11], (1, 16): [1, 3, 1, 5, 7, 16], (1, 19): [1, 5, 8, 15, 19]}
639: {(1, 11): [1, 4, 13, 11], (1, 16): [1, 3, 1, 5, 7, 16], (1, 19): [1, 5, 8, 15, 19]}
640: {(1, 11): [1, 4, 13, 11], (1, 16): [1, 3, 1, 5, 7, 16], (1, 19): [1, 5, 8, 15, 19]}
641: {(1, 11): [1, 4, 13, 11], (1, 16): [1, 3, 1, 5, 7, 16], (1, 19): [1, 5, 8, 15, 19]}
642: {(1, 11): [1, 4, 13, 11], (1, 16): [1, 3, 1, 5, 7, 16], (1, 19): [1, 5, 8, 15, 19]}
643: {(1, 11): [1, 4, 13, 11], (1, 16): [1, 3, 1, 5, 7, 16], (1, 19): [1, 5, 8, 15, 19]}
644: {(1, 11): [1, 4, 13, 11], (1, 16): [1, 3, 1, 5, 7, 16], (1, 19): [1, 5, 8, 15, 19]}
645: {(1, 11): [1, 4, 13, 11], (1, 16): [1, 3, 1, 5, 7, 16], (1, 19): [1, 5, 8, 15, 19]}
646: {(1, 11): [1, 4, 13, 11], (1, 16): [1, 3, 1, 5, 7, 16], (1, 19): [1, 5, 8, 15, 19]}
647: {(1, 11): [1, 4, 13, 11], (1, 16): [1, 3, 1, 5, 7, 16], (1, 19): [1, 5, 8, 15, 19]}
648: {(1, 11): [1, 4, 13, 11], (1, 16): [1, 3, 1, 5, 7, 16], (1, 19): [1, 5, 8, 15, 19]}
649: {(1, 11): [1, 4, 13, 11], (1, 16): [1, 3, 1, 5, 7, 16], (1, 19): [1, 5, 8, 15, 19]}
650: {(1, 11): [1, 4, 13, 11], (1, 16): [1, 3, 1, 5, 7, 16], (1, 19): [1, 5, 8, 15, 19]}
651: {(1, 11): [1, 4, 13, 11], (1, 16): [1, 3, 1, 5, 7, 16], (1, 19): [1, 5, 8, 15, 19]}
652: {(1, 11): [1, 4, 13, 11], (1, 16): [1, 3, 1, 5, 7, 16], (1, 19): [1, 5, 8, 15, 19]}
653: {(1, 11): [1, 4, 13, 11], (1, 16): [1, 3, 1, 5, 7, 16], (1, 19): [1, 5, 8, 15, 19]}
654: {(1, 11): [1, 4, 13, 11], (1, 16): [1, 3, 1, 5, 7, 16], (1, 19): [1, 5, 8, 15, 19]}
655: {(1, 11): [1, 4, 13, 11], (1, 16): [1, 3, 1, 5, 7, 16], (1, 19): [1, 5, 8, 15, 19]}
656: {(1, 11): [1, 4, 13, 11], (1, 16): [1, 3, 1, 5, 7, 16], (1, 19): [1, 5, 8, 15, 19]}
657: {(1, 11): [1, 4, 13, 11], (1, 16): [1, 3, 1, 5, 7, 16], (1, 19): [1, 5, 8, 15, 19]}
658: {(1, 11): [1, 4, 13, 11], (1, 16): [1, 3, 1, 5, 7, 16], (1, 19): [1, 5, 8, 15, 19]}
659: {(1, 11): [1, 4, 13, 11], (1, 16): [1, 3, 1, 5, 7, 16], (1, 19): [1, 5, 8, 15, 19]}
660: {(1, 11): [1, 4, 13, 11], (1, 16): [1, 3, 1, 5, 7, 16], (1, 19): [1, 5, 8, 15, 19]}
661: {(1, 11): [1, 4, 13, 11], (1, 16): [1, 3, 1, 5, 7, 16], (1, 19): [1, 5, 8, 15, 19]}
662: {(1, 11): [1, 4, 13, 11], (1, 16): [1, 3, 1, 5, 7, 16], (1, 19): [1, 5, 8, 15, 19]}
663: {(1, 11): [1, 4, 13, 11], (1, 16): [1, 3, 1, 5, 7, 16], (1, 19): [1, 5, 8, 15, 19]}
664: {(1, 11): [1, 4, 13, 11], (1, 16): [1, 3, 1, 5, 7, 16], (1, 19): [1, 5, 8, 15, 19]}
665: {(1, 11): [1, 4, 13, 11], (1, 16): [1, 3, 1, 5, 7, 16], (1, 19): [1, 5, 8, 15, 19]}
666: {(1, 11): [1, 4, 13, 11], (1, 16): [1, 3, 1, 5, 7, 16], (1, 19): [1, 5, 8, 15, 19]}
667: {(1, 11): [1, 4, 13, 11], (1, 16): [1, 3, 1, 5, 7, 16], (1, 19): [1, 5, 8, 15, 19]}
668: {(1, 11): [1, 4, 13, 11], (1, 16): [1, 3, 1, 5, 7, 16], (1, 19): [1, 5, 8, 15, 19]}
669: {(1, 11): [1, 4, 13, 11], (1, 16): [1, 3, 1, 5, 7, 16], (1, 19): [1, 5, 8, 15, 19]}
670: {(1, 11): [1, 4, 13, 11], (1, 16): [1, 3, 1, 5, 7, 16], (1, 19): [1, 5, 8, 15, 19]}
671: {(1, 11): [1, 4, 13, 11], (1, 16): [1, 3, 1, 5, 7, 16], (1, 19): [1, 5, 8, 15, 19]}
672: {(1, 11): [1, 4, 13, 11], (1, 16): [1, 3, 1, 5, 7, 16], (1, 19): [1, 5, 8, 15, 19]}
673: {(1, 11): [1, 4, 13, 11], (1, 16): [1, 3, 1, 5, 7, 16], (1, 19): [1, 5, 8, 15, 19]}
674: {(1, 11): [1, 4, 13, 11], (1, 16): [1, 3, 1, 5, 7, 16], (1, 19): [1, 5, 8, 15, 19]}
675: {(1, 11): [1, 4, 13, 11], (1, 16): [1, 3, 1, 5, 7, 16], (1, 19): [1, 5, 8, 15, 19]}
676: {(1, 11): [1, 4, 13, 11], (1, 16): [1, 3, 1, 5, 7, 16], (1, 19): [1, 5, 8, 15, 19]}
677: {(1, 11): [1, 4, 13, 11], (1, 16): [1, 3, 1, 5, 7, 16], (1, 19): [1, 5, 8, 15, 19]}
678: {(1, 11): [1, 4, 13, 11], (1, 16): [1, 3, 1, 5, 7, 16], (1, 19): [1, 5, 8, 15, 19]}
679: {(1, 11): [1, 4, 13, 11], (1, 16): [1, 3, 1, 5, 7, 16], (1, 19): [1, 5, 8, 15, 19]}
680: {(1, 11): [1, 4, 13, 11], (1, 16): [1, 3, 1, 5, 7, 16], (1, 19): [1, 5, 8, 15, 19]}
681: {(1, 11): [1, 4, 13, 11], (1, 16): [1, 3, 1, 5, 7, 16], (1, 19): [1, 5, 8, 15, 19]}
682: {(1, 11): [1, 4, 13, 11], (1, 16): [1, 3, 1, 5, 7, 16], (1, 19): [1, 5, 8, 15, 19]}
683: {(1, 11): [1, 4, 13, 11], (1, 16): [1, 3, 1, 5, 7, 16], (1, 19): [1, 5, 8, 15, 19]}
684: {(1, 11): [1, 4, 13, 11], (1, 16): [1, 3, 1, 5, 7, 16], (1, 19): [1, 5, 8, 15, 19]}
685: {(1, 11): [1, 4, 13, 11], (1, 16): [1, 3, 1, 5, 7, 16], (1, 19): [1, 5, 8, 15, 19]}
686: {(1, 11): [1, 4, 13, 11], (1, 16): [1, 3, 1, 5, 7, 16], (1, 19): [1, 5, 8, 15, 19]}
687: {(1, 11): [1, 4, 13, 11], (1, 16): [1, 3, 1, 5, 7, 16], (1, 19): [1, 5, 8, 15, 19]}
688: {(1, 11): [1, 4, 13, 11], (1, 16): [1, 3, 1, 5, 7, 16], (1, 19): [1, 5, 8, 15, 19]}
689: {(1, 11): [1, 4, 13, 11], (1, 16): [1, 3, 1, 5, 7, 16], (1, 19): [1, 5, 8, 15, 19]}
690: {(1, 11): [1, 4, 13, 11], (1, 16): [1, 3, 1, 5, 7, 16], (1, 19): [1, 5, 8, 15, 19]}
691: {(1, 11): [1, 4, 13, 11], (1, 16): [1, 3, 1, 5, 7, 16], (1, 19): [1, 5, 8, 15, 19]}
692: {(1, 11): [1, 4, 13, 11], (1, 16): [1, 3, 1, 5, 7, 16], (1, 19): [1, 5, 8, 15, 19]}
693: {(1, 11): [1, 4, 13, 11], (1, 16): [1, 3, 1, 5, 7, 16], (1, 19): [1, 5, 8, 15, 19]}
694: {(1, 11): [1, 4, 13, 11], (1, 16): [1, 3, 1, 5, 7, 16], (1, 19): [1, 5, 8, 15, 19]}
695: {(1, 11): [1, 4, 13, 11], (1, 16): [1, 3, 1, 5, 7, 16], (1, 19): [1, 5, 8, 15, 19]}
696: {(1, 11): [1, 4, 13, 11], (1, 16): [1, 3, 1, 5, 7, 16], (1, 19): [1, 5, 8, 15, 19]}
697: {(1, 11): [1, 4, 13, 11], (1, 16): [1, 3, 1, 5, 7, 16], (1, 19): [1, 5, 8, 15, 19]}
698: {(1, 11): [1, 4, 13, 11], (1, 16): [1, 3, 1, 5, 7, 16], (1, 19): [1, 5, 8, 15, 19]}
699: {(1, 11): [1, 4, 13, 11], (1, 16): [1, 3, 1, 5, 7, 16], (1, 19): [1, 5, 8, 15, 19]}
700: {(1, 11): [1, 4, 13, 11], (1, 16): [1, 3, 1, 5, 7, 16], (1, 19): [1, 5, 8, 15, 19]}
701: {(1, 11): [1, 4, 13, 11], (1, 16): [1, 3, 1, 5, 7, 16], (1, 19): [1, 5, 8, 15, 19]}
702: {(1, 11): [1, 4, 13, 11], (1, 16): [1, 3, 1, 5, 7, 16], (1, 19): [1, 5, 8, 15, 19]}
703: {(1, 11): [1, 4, 13, 11], (1, 16): [1, 3, 1, 5, 7, 16], (1, 19): [1, 5, 8, 15, 19]}
704: {(1, 11): [1, 4, 13, 11], (1, 16): [1, 3, 1, 5, 7, 16], (1, 19): [1, 5, 8, 15, 19]}
705: {(1, 11): [1, 4, 13, 11], (1, 16): [1, 3, 1, 5, 7, 16], (1, 19): [1, 5, 8, 15, 19]}
706: {(1, 11): [1, 4, 13, 11], (1, 16): [1, 3, 1, 5, 7, 16], (1, 19): [1, 5, 8, 15, 19]}
707: {(1, 11): [1, 4, 13, 11], (1, 16): [1, 3, 1, 5, 7, 16], (1, 19): [1, 5, 8, 15, 19]}
708: {(1, 11): [1, 4, 13, 11], (1, 16): [1, 3, 1, 5, 7, 16], (1, 19): [1, 5, 8, 15, 19]}
709: {(1, 11): [1, 4, 13, 11], (1, 16): [1, 3, 1, 5, 7, 16], (1, 19): [1, 5, 8, 15, 19]}
710: {(1, 11): [1, 4, 13, 11], (1, 16): [1, 3, 1, 5, 7, 16], (1, 19): [1, 5, 8, 15, 19]}
711: {(1, 11): [1, 4, 13, 11], (1, 16): [1, 3, 1, 5, 7, 16], (1, 19): [1, 5, 8, 15, 19]}
712: {(1, 11): [1, 4, 13, 11], (1, 16): [1, 3, 1, 5, 7, 16], (1, 19): [1, 5, 8, 15, 19]}
713: {(1, 11): [1, 4, 13, 11], (1, 16): [1, 3, 1, 5, 7, 16], (1, 19): [1, 5, 8, 15, 19]}
714: {(1, 11): [1, 4, 13, 11], (1, 16): [1, 3, 1, 5, 7, 16], (1, 19): [1, 5, 8, 15, 19]}
715: {(1, 11): [1, 4, 13, 11], (1, 16): [1, 3, 1, 5, 7, 16], (1, 19): [1, 5, 8, 15, 19]}
716: {(1, 11): [1, 4, 13, 11], (1, 16): [1, 3, 1, 5, 7, 16], (1, 19): [1, 5, 8, 15, 19]}
717: {(1, 11): [1, 4, 13, 11], (1, 16): [1, 3, 1, 5, 7, 16], (1, 19): [1, 5, 8, 15, 19]}
718: {(1, 11): [1, 4, 13, 11], (1, 16): [1, 3, 1, 5, 7, 16], (1, 19): [1, 5, 8, 15, 19]}
719: {(1, 11): [1, 4, 13, 11], (1, 16): [1, 3, 1, 5, 7, 16], (1, 19): [1, 5, 8, 15, 19]}
720: {(1, 11): [1, 4, 13, 11], (1, 16): [1, 3, 1, 5, 7, 16], (1, 19): [1, 5, 8, 15, 19]}
721: {(1, 11): [1, 4, 13, 11], (1, 16): [1, 3, 1, 5, 7, 16], (1, 19): [1, 5, 8, 15, 19]}
722: {(1, 11): [1, 4, 13, 11], (1, 16): [1, 3, 1, 5, 7, 16], (1, 19): [1, 5, 8, 15, 19]}
723: {(1, 11): [1, 4, 13, 11], (1, 16): [1, 3, 1, 5, 7, 16], (1, 19): [1, 5, 8, 15, 19]}
724: {(1, 11): [1, 4, 13, 11], (1, 16): [1, 3, 1, 5, 7, 16], (1, 19): [1, 5, 8, 15, 19]}
725: {(1, 11): [1, 4, 13, 11], (1, 16): [1, 3, 1, 5, 7, 16], (1, 19): [1, 5, 8, 15, 19]}
726: {(1, 11): [1, 4, 13, 11], (1, 16): [1, 3, 1, 5, 7, 16], (1, 19): [1, 5, 8, 15, 19]}
727: {(1, 11): [1, 4, 13, 11], (1, 16): [1, 3, 1, 5, 7, 16], (1, 19): [1, 5, 8, 15, 19]}
728: {(1, 11): [1, 4, 13, 11], (1, 16): [1, 3, 1, 5, 7, 16], (1, 19): [1, 5, 8, 15, 19]}
729: {(1, 11): [1, 4, 13, 11], (1, 16): [1, 3, 1, 5, 7, 16], (1, 19): [1, 5, 8, 15, 19]}
730: {(1, 11): [1, 4, 13, 11], (1, 16): [1, 3, 1, 5, 7, 16], (1, 19): [1, 5, 8, 15, 19]}
731: {(1, 11): [1, 4, 13, 11], (1, 16): [1, 3, 1, 5, 7, 16], (1, 19): [1, 5, 8, 15, 19]}
732: {(1, 11): [1, 4, 13, 11], (1, 16): [1, 3, 1, 5, 7, 16], (1, 19): [1, 5, 8, 15, 19]}
733: {(1, 11): [1, 4, 13, 11], (1, 16): [1, 3, 1, 5, 7, 16], (1, 19): [1, 5, 8, 15, 19]}
734: {(1, 11): [1, 4, 13, 11], (1, 16): [1, 3, 1, 5, 7, 16], (1, 19): [1, 5, 8, 15, 19]}
735: {(1, 11): [1, 4, 13, 11], (1, 16): [1, 3, 1, 5, 7, 16], (1, 19): [1, 5, 8, 15, 19]}
736: {(1, 11): [1, 4, 13, 11], (1, 16): [1, 3, 1, 5, 7, 16], (1, 19): [1, 5, 8, 15, 19]}
737: {(1, 11): [1, 4, 13, 11], (1, 16): [1, 3, 1, 5, 7, 16], (1, 19): [1, 5, 8, 15, 19]}
738: {(1, 11): [1, 4, 13, 11], (1, 16): [1, 3, 1, 5, 7, 16], (1, 19): [1, 5, 8, 15, 19]}
739: {(1, 11): [1, 4, 13, 11], (1, 16): [1, 3, 1, 5, 7, 16], (1, 19): [1, 5, 8, 15, 19]}
740: {(1, 11): [1, 4, 13, 11], (1, 16): [1, 3, 1, 5, 7, 16], (1, 19): [1, 5, 8, 15, 19]}
741: {(1, 11): [1, 4, 13, 11], (1, 16): [1, 3, 1, 5, 7, 16], (1, 19): [1, 5, 8, 15, 19]}
742: {(1, 11): [1, 4, 13, 11], (1, 16): [1, 3, 1, 5, 7, 16], (1, 19): [1, 5, 8, 15, 19]}
743: {(1, 11): [1, 4, 13, 11], (1, 16): [1, 3, 1, 5, 7, 16], (1, 19): [1, 5, 8, 15, 19]}
744: {(1, 11): [1, 4, 13, 11], (1, 16): [1, 3, 1, 5, 7, 16], (1, 19): [1, 5, 8, 15, 19]}
745: {(1, 11): [1, 4, 13, 11], (1, 16): [1, 3, 1, 5, 7, 16], (1, 19): [1, 5, 8, 15, 19]}
746: {(1, 11): [1, 4, 13, 11], (1, 16): [1, 3, 1, 5, 7, 16], (1, 19): [1, 5, 8, 15, 19]}
747: {(1, 11): [1, 4, 13, 11], (1, 16): [1, 3, 1, 5, 7, 16], (1, 19): [1, 5, 8, 15, 19]}
748: {(1, 11): [1, 4, 13, 11], (1, 16): [1, 3, 1, 5, 7, 16], (1, 19): [1, 5, 8, 15, 19]}
749: {(1, 11): [1, 4, 13, 11], (1, 16): [1, 3, 1, 5, 7, 16], (1, 19): [1, 5, 8, 15, 19]}
750: {(1, 11): [1, 4, 13, 11], (1, 16): [1, 3, 1, 5, 7, 16], (1, 19): [1, 5, 8, 15, 19]}
751: {(1, 11): [1, 4, 13, 11], (1, 16): [1, 3, 1, 5, 7, 16], (1, 19): [1, 5, 8, 15, 19]}
752: {(1, 11): [1, 4, 13, 11], (1, 16): [1, 3, 1, 5, 7, 16], (1, 19): [1, 5, 8, 15, 19]}
753: {(1, 11): [1, 4, 13, 11], (1, 16): [1, 3, 1, 5, 7, 16], (1, 19): [1, 5, 8, 15, 19]}
754: {(1, 11): [1, 4, 13, 11], (1, 16): [1, 3, 1, 5, 7, 16], (1, 19): [1, 5, 8, 15, 19]}
755: {(1, 11): [1, 4, 13, 11], (1, 16): [1, 3, 1, 5, 7, 16], (1, 19): [1, 5, 8, 15, 19]}
756: {(1, 11): [1, 4, 13, 11], (1, 16): [1, 3, 1, 5, 7, 16], (1, 19): [1, 5, 8, 15, 19]}
757: {(1, 11): [1, 4, 13, 11], (1, 16): [1, 3, 1, 5, 7, 16], (1, 19): [1, 5, 8, 15, 19]}
758: {(1, 11): [1, 4, 13, 11], (1, 16): [1, 3, 1, 5, 7, 16], (1, 19): [1, 5, 8, 15, 19]}
759: {(1, 11): [1, 4, 13, 11], (1, 16): [1, 3, 1, 5, 7, 16], (1, 19): [1, 5, 8, 15, 19]}
760: {(1, 11): [1, 4, 13, 11], (1, 16): [1, 3, 1, 5, 7, 16], (1, 19): [1, 5, 8, 15, 19]}
761: {(1, 11): [1, 4, 13, 11], (1, 16): [1, 3, 1, 5, 7, 16], (1, 19): [1, 5, 8, 15, 19]}
762: {(1, 11): [1, 4, 13, 11], (1, 16): [1, 3, 1, 5, 7, 16], (1, 19): [1, 5, 8, 15, 19]}
763: {(1, 11): [1, 4, 13, 11], (1, 16): [1, 3, 1, 5, 7, 16], (1, 19): [1, 5, 8, 15, 19]}
764: {(1, 11): [1, 4, 13, 11], (1, 16): [1, 3, 1, 5, 7, 16], (1, 19): [1, 5, 8, 15, 19]}
765: {(1, 11): [1, 4, 13, 11], (1, 16): [1, 3, 1, 5, 7, 16], (1, 19): [1, 5, 8, 15, 19]}
766: {(1, 11): [1, 4, 13, 11], (1, 16): [1, 3, 1, 5, 7, 16], (1, 19): [1, 5, 8, 15, 19]}
767: {(1, 11): [1, 4, 13, 11], (1, 16): [1, 3, 1, 5, 7, 16], (1, 19): [1, 5, 8, 15, 19]}
768: {(1, 11): [1, 4, 13, 11], (1, 16): [1, 3, 1, 5, 7, 16], (1, 19): [1, 5, 8, 15, 19]}
769: {(1, 11): [1, 4, 13, 11], (1, 16): [1, 3, 1, 5, 7, 16], (1, 19): [1, 5, 8, 15, 19]}
770: {(1, 11): [1, 4, 13, 11], (1, 16): [1, 3, 1, 5, 7, 16], (1, 19): [1, 5, 8, 15, 19]}
771: {(1, 11): [1, 4, 13, 11], (1, 16): [1, 3, 1, 5, 7, 16], (1, 19): [1, 5, 8, 15, 19]}
772: {(1, 11): [1, 4, 13, 11], (1, 16): [1, 3, 1, 5, 7, 16], (1, 19): [1, 5, 8, 15, 19]}
773: {(1, 11): [1, 4, 13, 11], (1, 16): [1, 3, 1, 5, 7, 16], (1, 19): [1, 5, 8, 15, 19]}
774: {(1, 11): [1, 4, 13, 11], (1, 16): [1, 3, 1, 5, 7, 16], (1, 19): [1, 5, 8, 15, 19]}
775: {(1, 11): [1, 4, 13, 11], (1, 16): [1, 3, 1, 5, 7, 16], (1, 19): [1, 5, 8, 15, 19]}
776: {(1, 11): [1, 4, 13, 11], (1, 16): [1, 3, 1, 5, 7, 16], (1, 19): [1, 5, 8, 15, 19]}
777: {(1, 11): [1, 4, 13, 11], (1, 16): [1, 3, 1, 5, 7, 16], (1, 19): [1, 5, 8, 15, 19]}
778: {(1, 11): [1, 4, 13, 11], (1, 16): [1, 3, 1, 5, 7, 16], (1, 19): [1, 5, 8, 15, 19]}
779: {(1, 11): [1, 4, 13, 11], (1, 16): [1, 3, 1, 5, 7, 16], (1, 19): [1, 5, 8, 15, 19]}
780: {(1, 11): [1, 4, 13, 11], (1, 16): [1, 3, 1, 5, 7, 16], (1, 19): [1, 5, 8, 15, 19]}
781: {(1, 11): [1, 4, 13, 11], (1, 16): [1, 3, 1, 5, 7, 16], (1, 19): [1, 5, 8, 15, 19]}
782: {(1, 11): [1, 4, 13, 11], (1, 16): [1, 3, 1, 5, 7, 16], (1, 19): [1, 5, 8, 15, 19]}
783: {(1, 11): [1, 4, 13, 11], (1, 16): [1, 3, 1, 5, 7, 16], (1, 19): [1, 5, 8, 15, 19]}
784: {(1, 11): [1, 4, 13, 11], (1, 16): [1, 3, 1, 5, 7, 16], (1, 19): [1, 5, 8, 15, 19]}
785: {(1, 11): [1, 4, 13, 11], (1, 16): [1, 3, 1, 5, 7, 16], (1, 19): [1, 5, 8, 15, 19]}
786: {(1, 11): [1, 4, 13, 11], (1, 16): [1, 3, 1, 5, 7, 16], (1, 19): [1, 5, 8, 15, 19]}
787: {(1, 11): [1, 4, 13, 11], (1, 16): [1, 3, 1, 5, 7, 16], (1, 19): [1, 5, 8, 15, 19]}
788: {(1, 11): [1, 4, 13, 11], (1, 16): [1, 3, 1, 5, 7, 16], (1, 19): [1, 5, 8, 15, 19]}
789: {(1, 11): [1, 4, 13, 11], (1, 16): [1, 3, 1, 5, 7, 16], (1, 19): [1, 5, 8, 15, 19]}
790: {(1, 11): [1, 4, 13, 11], (1, 16): [1, 3, 1, 5, 7, 16], (1, 19): [1, 5, 8, 15, 19]}
791: {(1, 11): [1, 4, 13, 11], (1, 16): [1, 3, 1, 5, 7, 16], (1, 19): [1, 5, 8, 15, 19]}
792: {(1, 11): [1, 4, 13, 11], (1, 16): [1, 3, 1, 5, 7, 16], (1, 19): [1, 5, 8, 15, 19]}
793: {(1, 11): [1, 4, 13, 11], (1, 16): [1, 3, 1, 5, 7, 16], (1, 19): [1, 5, 8, 15, 19]}
794: {(1, 11): [1, 4, 13, 11], (1, 16): [1, 3, 1, 5, 7, 16], (1, 19): [1, 5, 8, 15, 19]}
795: {(1, 11): [1, 4, 13, 11], (1, 16): [1, 3, 1, 5, 7, 16], (1, 19): [1, 5, 8, 15, 19]}
796: {(1, 11): [1, 4, 13, 11], (1, 16): [1, 3, 1, 5, 7, 16], (1, 19): [1, 5, 8, 15, 19]}
797: {(1, 11): [1, 4, 13, 11], (1, 16): [1, 3, 1, 5, 7, 16], (1, 19): [1, 5, 8, 15, 19]}
798: {(1, 11): [1, 4, 13, 11], (1, 16): [1, 3, 1, 5, 7, 16], (1, 19): [1, 5, 8, 15, 19]}
799: {(1, 11): [1, 4, 13, 11], (1, 16): [1, 3, 1, 5, 7, 16], (1, 19): [1, 5, 8, 15, 19]}
800: {(1, 11): [1, 4, 13, 11], (1, 16): [1, 3, 1, 5, 7, 16], (1, 19): [1, 5, 8, 15, 19]}
801: {(1, 11): [1, 4, 13, 11], (1, 16): [1, 3, 1, 5, 7, 16], (1, 19): [1, 5, 8, 15, 19]}
802: {(1, 11): [1, 4, 13, 11], (1, 16): [1, 3, 1, 5, 7, 16], (1, 19): [1, 5, 8, 15, 19]}
803: {(1, 11): [1, 4, 13, 11], (1, 16): [1, 3, 1, 5, 7, 16], (1, 19): [1, 5, 8, 15, 19]}
804: {(1, 11): [1, 4, 13, 11], (1, 16): [1, 3, 1, 5, 7, 16], (1, 19): [1, 5, 8, 15, 19]}
805: {(1, 11): [1, 4, 13, 11], (1, 16): [1, 3, 1, 5, 7, 16], (1, 19): [1, 5, 8, 15, 19]}
806: {(1, 11): [1, 4, 13, 11], (1, 16): [1, 3, 1, 5, 7, 16], (1, 19): [1, 5, 8, 15, 19]}
807: {(1, 11): [1, 4, 13, 11], (1, 16): [1, 3, 1, 5, 7, 16], (1, 19): [1, 5, 8, 15, 19]}
808: {(1, 11): [1, 4, 13, 11], (1, 16): [1, 3, 1, 5, 7, 16], (1, 19): [1, 5, 8, 15, 19]}
809: {(1, 11): [1, 4, 13, 11], (1, 16): [1, 3, 1, 5, 7, 16], (1, 19): [1, 5, 8, 15, 19]}
810: {(1, 11): [1, 4, 13, 11], (1, 16): [1, 3, 1, 5, 7, 16], (1, 19): [1, 5, 8, 15, 19]}
811: {(1, 11): [1, 4, 13, 11], (1, 16): [1, 3, 1, 5, 7, 16], (1, 19): [1, 5, 8, 15, 19]}
812: {(1, 11): [1, 4, 13, 11], (1, 16): [1, 3, 1, 5, 7, 16], (1, 19): [1, 5, 8, 15, 19]}
813: {(1, 11): [1, 4, 13, 11], (1, 16): [1, 3, 1, 5, 7, 16], (1, 19): [1, 5, 8, 15, 19]}
814: {(1, 11): [1, 4, 13, 11], (1, 16): [1, 3, 1, 5, 7, 16], (1, 19): [1, 5, 8, 15, 19]}
815: {(1, 11): [1, 4, 13, 11], (1, 16): [1, 3, 1, 5, 7, 16], (1, 19): [1, 5, 8, 15, 19]}
816: {(1, 11): [1, 4, 13, 11], (1, 16): [1, 3, 1, 5, 7, 16], (1, 19): [1, 5, 8, 15, 19]}
817: {(1, 11): [1, 4, 13, 11], (1, 16): [1, 3, 1, 5, 7, 16], (1, 19): [1, 5, 8, 15, 19]}
818: {(1, 11): [1, 4, 13, 11], (1, 16): [1, 3, 1, 5, 7, 16], (1, 19): [1, 5, 8, 15, 19]}
819: {(1, 11): [1, 4, 13, 11], (1, 16): [1, 3, 1, 5, 7, 16], (1, 19): [1, 5, 8, 15, 19]}
820: {(1, 11): [1, 4, 13, 11], (1, 16): [1, 3, 1, 5, 7, 16], (1, 19): [1, 5, 8, 15, 19]}
821: {(1, 11): [1, 4, 13, 11], (1, 16): [1, 3, 1, 5, 7, 16], (1, 19): [1, 5, 8, 15, 19]}
822: {(1, 11): [1, 4, 13, 11], (1, 16): [1, 3, 1, 5, 7, 16], (1, 19): [1, 5, 8, 15, 19]}
823: {(1, 11): [1, 4, 13, 11], (1, 16): [1, 3, 1, 5, 7, 16], (1, 19): [1, 5, 8, 15, 19]}
824: {(1, 11): [1, 4, 13, 11], (1, 16): [1, 3, 1, 5, 7, 16], (1, 19): [1, 5, 8, 15, 19]}
825: {(1, 11): [1, 4, 13, 11], (1, 16): [1, 3, 1, 5, 7, 16], (1, 19): [1, 5, 8, 15, 19]}
826: {(1, 11): [1, 4, 13, 11], (1, 16): [1, 3, 1, 5, 7, 16], (1, 19): [1, 5, 8, 15, 19]}
827: {(1, 11): [1, 4, 13, 11], (1, 16): [1, 3, 1, 5, 7, 16], (1, 19): [1, 5, 8, 15, 19]}
828: {(1, 11): [1, 4, 13, 11], (1, 16): [1, 3, 1, 5, 7, 16], (1, 19): [1, 5, 8, 15, 19]}
829: {(1, 11): [1, 4, 13, 11], (1, 16): [1, 3, 1, 5, 7, 16], (1, 19): [1, 5, 8, 15, 19]}
830: {(1, 11): [1, 4, 13, 11], (1, 16): [1, 3, 1, 5, 7, 16], (1, 19): [1, 5, 8, 15, 19]}
831: {(1, 11): [1, 4, 13, 11], (1, 16): [1, 3, 1, 5, 7, 16], (1, 19): [1, 5, 8, 15, 19]}
832: {(1, 11): [1, 4, 13, 11], (1, 16): [1, 3, 1, 5, 7, 16], (1, 19): [1, 5, 8, 15, 19]}
833: {(1, 11): [1, 4, 13, 11], (1, 16): [1, 3, 1, 5, 7, 16], (1, 19): [1, 5, 8, 15, 19]}
834: {(1, 11): [1, 4, 13, 11], (1, 16): [1, 3, 1, 5, 7, 16], (1, 19): [1, 5, 8, 15, 19]}
835: {(1, 11): [1, 4, 13, 11], (1, 16): [1, 3, 1, 5, 7, 16], (1, 19): [1, 5, 8, 15, 19]}
836: {(1, 11): [1, 4, 13, 11], (1, 16): [1, 3, 1, 5, 7, 16], (1, 19): [1, 5, 8, 15, 19]}
837: {(1, 11): [1, 4, 13, 11], (1, 16): [1, 3, 1, 5, 7, 16], (1, 19): [1, 5, 8, 15, 19]}
838: {(1, 11): [1, 4, 13, 11], (1, 16): [1, 3, 1, 5, 7, 16], (1, 19): [1, 5, 8, 15, 19]}
839: {(1, 11): [1, 4, 13, 11], (1, 16): [1, 3, 1, 5, 7, 16], (1, 19): [1, 5, 8, 15, 19]}
840: {(1, 11): [1, 4, 13, 11], (1, 16): [1, 3, 1, 5, 7, 16], (1, 19): [1, 5, 8, 15, 19]}
841: {(1, 11): [1, 4, 13, 11], (1, 16): [1, 3, 1, 5, 7, 16], (1, 19): [1, 5, 8, 15, 19]}
842: {(1, 11): [1, 4, 13, 11], (1, 16): [1, 3, 1, 5, 7, 16], (1, 19): [1, 5, 8, 15, 19]}
843: {(1, 11): [1, 4, 13, 11], (1, 16): [1, 3, 1, 5, 7, 16], (1, 19): [1, 5, 8, 15, 19]}
844: {(1, 11): [1, 4, 13, 11], (1, 16): [1, 3, 1, 5, 7, 16], (1, 19): [1, 5, 8, 15, 19]}
845: {(1, 11): [1, 4, 13, 11], (1, 16): [1, 3, 1, 5, 7, 16], (1, 19): [1, 5, 8, 15, 19]}
846: {(1, 11): [1, 4, 13, 11], (1, 16): [1, 3, 1, 5, 7, 16], (1, 19): [1, 5, 8, 15, 19]}
847: {(1, 11): [1, 4, 13, 11], (1, 16): [1, 3, 1, 5, 7, 16], (1, 19): [1, 5, 8, 15, 19]}
848: {(1, 11): [1, 4, 13, 11], (1, 16): [1, 3, 1, 5, 7, 16], (1, 19): [1, 5, 8, 15, 19]}
849: {(1, 11): [1, 4, 13, 11], (1, 16): [1, 3, 1, 5, 7, 16], (1, 19): [1, 5, 8, 15, 19]}
850: {(1, 11): [1, 4, 13, 11], (1, 16): [1, 3, 1, 5, 7, 16], (1, 19): [1, 5, 8, 15, 19]}
851: {(1, 11): [1, 4, 13, 11], (1, 16): [1, 3, 1, 5, 7, 16], (1, 19): [1, 5, 8, 15, 19]}
852: {(1, 11): [1, 4, 13, 11], (1, 16): [1, 3, 1, 5, 7, 16], (1, 19): [1, 5, 8, 15, 19]}
853: {(1, 11): [1, 4, 13, 11], (1, 16): [1, 3, 1, 5, 7, 16], (1, 19): [1, 5, 8, 15, 19]}
854: {(1, 11): [1, 4, 13, 11], (1, 16): [1, 3, 1, 5, 7, 16], (1, 19): [1, 5, 8, 15, 19]}
855: {(1, 11): [1, 4, 13, 11], (1, 16): [1, 3, 1, 5, 7, 16], (1, 19): [1, 5, 8, 15, 19]}
856: {(1, 11): [1, 4, 13, 11], (1, 16): [1, 3, 1, 5, 7, 16], (1, 19): [1, 5, 8, 15, 19]}
857: {(1, 11): [1, 4, 13, 11], (1, 16): [1, 3, 1, 5, 7, 16], (1, 19): [1, 5, 8, 15, 19]}
858: {(1, 11): [1, 4, 13, 11], (1, 16): [1, 3, 1, 5, 7, 16], (1, 19): [1, 5, 8, 15, 19]}
859: {(1, 11): [1, 4, 13, 11], (1, 16): [1, 3, 1, 5, 7, 16], (1, 19): [1, 5, 8, 15, 19]}
860: {(1, 11): [1, 4, 13, 11], (1, 16): [1, 3, 1, 5, 7, 16], (1, 19): [1, 5, 8, 15, 19]}
861: {(1, 11): [1, 4, 13, 11], (1, 16): [1, 3, 1, 5, 7, 16], (1, 19): [1, 5, 8, 15, 19]}
862: {(1, 11): [1, 4, 13, 11], (1, 16): [1, 3, 1, 5, 7, 16], (1, 19): [1, 5, 8, 15, 19]}
863: {(1, 11): [1, 4, 13, 11], (1, 16): [1, 3, 1, 5, 7, 16], (1, 19): [1, 5, 8, 15, 19]}
864: {(1, 11): [1, 4, 13, 11], (1, 16): [1, 3, 1, 5, 7, 16], (1, 19): [1, 5, 8, 15, 19]}
865: {(1, 11): [1, 4, 13, 11], (1, 16): [1, 3, 1, 5, 7, 16], (1, 19): [1, 5, 8, 15, 19]}
866: {(1, 11): [1, 4, 13, 11], (1, 16): [1, 3, 1, 5, 7, 16], (1, 19): [1, 5, 8, 15, 19]}
867: {(1, 11): [1, 4, 13, 11], (1, 16): [1, 3, 1, 5, 7, 16], (1, 19): [1, 5, 8, 15, 19]}
868: {(1, 11): [1, 4, 13, 11], (1, 16): [1, 3, 1, 5, 7, 16], (1, 19): [1, 5, 8, 15, 19]}
869: {(1, 11): [1, 4, 13, 11], (1, 16): [1, 3, 1, 5, 7, 16], (1, 19): [1, 5, 8, 15, 19]}
870: {(1, 11): [1, 4, 13, 11], (1, 16): [1, 3, 1, 5, 7, 16], (1, 19): [1, 5, 8, 15, 19]}
871: {(1, 11): [1, 4, 13, 11], (1, 16): [1, 3, 1, 5, 7, 16], (1, 19): [1, 5, 8, 15, 19]}
872: {(1, 11): [1, 4, 13, 11], (1, 16): [1, 3, 1, 5, 7, 16], (1, 19): [1, 5, 8, 15, 19]}
873: {(1, 11): [1, 4, 13, 11], (1, 16): [1, 3, 1, 5, 7, 16], (1, 19): [1, 5, 8, 15, 19]}
874: {(1, 11): [1, 4, 13, 11], (1, 16): [1, 3, 1, 5, 7, 16], (1, 19): [1, 5, 8, 15, 19]}
875: {(1, 11): [1, 4, 13, 11], (1, 16): [1, 3, 1, 5, 7, 16], (1, 19): [1, 5, 8, 15, 19]}
876: {(1, 11): [1, 4, 13, 11], (1, 16): [1, 3, 1, 5, 7, 16], (1, 19): [1, 5, 8, 15, 19]}
877: {(1, 11): [1, 4, 13, 11], (1, 16): [1, 3, 1, 5, 7, 16], (1, 19): [1, 5, 8, 15, 19]}
878: {(1, 11): [1, 4, 13, 11], (1, 16): [1, 3, 1, 5, 7, 16], (1, 19): [1, 5, 8, 15, 19]}
879: {(1, 11): [1, 4, 13, 11], (1, 16): [1, 3, 1, 5, 7, 16], (1, 19): [1, 5, 8, 15, 19]}
880: {(1, 11): [1, 4, 13, 11], (1, 16): [1, 3, 1, 5, 7, 16], (1, 19): [1, 5, 8, 15, 19]}
881: {(1, 11): [1, 4, 13, 11], (1, 16): [1, 3, 1, 5, 7, 16], (1, 19): [1, 5, 8, 15, 19]}
882: {(1, 11): [1, 4, 13, 11], (1, 16): [1, 3, 1, 5, 7, 16], (1, 19): [1, 5, 8, 15, 19]}
883: {(1, 11): [1, 4, 13, 11], (1, 16): [1, 3, 1, 5, 7, 16], (1, 19): [1, 5, 8, 15, 19]}
884: {(1, 11): [1, 4, 13, 11], (1, 16): [1, 3, 1, 5, 7, 16], (1, 19): [1, 5, 8, 15, 19]}
885: {(1, 11): [1, 4, 13, 11], (1, 16): [1, 3, 1, 5, 7, 16], (1, 19): [1, 5, 8, 15, 19]}
886: {(1, 11): [1, 4, 13, 11], (1, 16): [1, 3, 1, 5, 7, 16], (1, 19): [1, 5, 8, 15, 19]}
887: {(1, 11): [1, 4, 13, 11], (1, 16): [1, 3, 1, 5, 7, 16], (1, 19): [1, 5, 8, 15, 19]}
888: {(1, 11): [1, 4, 13, 11], (1, 16): [1, 3, 1, 5, 7, 16], (1, 19): [1, 5, 8, 15, 19]}
889: {(1, 11): [1, 4, 13, 11], (1, 16): [1, 3, 1, 5, 7, 16], (1, 19): [1, 5, 8, 15, 19]}
890: {(1, 11): [1, 4, 13, 11], (1, 16): [1, 3, 1, 5, 7, 16], (1, 19): [1, 5, 8, 15, 19]}
891: {(1, 11): [1, 4, 13, 11], (1, 16): [1, 3, 1, 5, 7, 16], (1, 19): [1, 5, 8, 15, 19]}
892: {(1, 11): [1, 4, 13, 11], (1, 16): [1, 3, 1, 5, 7, 16], (1, 19): [1, 5, 8, 15, 19]}
893: {(1, 11): [1, 4, 13, 11], (1, 16): [1, 3, 1, 5, 7, 16], (1, 19): [1, 5, 8, 15, 19]}
894: {(1, 11): [1, 4, 13, 11], (1, 16): [1, 3, 1, 5, 7, 16], (1, 19): [1, 5, 8, 15, 19]}
895: {(1, 11): [1, 4, 13, 11], (1, 16): [1, 3, 1, 5, 7, 16], (1, 19): [1, 5, 8, 15, 19]}
896: {(1, 11): [1, 4, 13, 11], (1, 16): [1, 3, 1, 5, 7, 16], (1, 19): [1, 5, 8, 15, 19]}
897: {(1, 11): [1, 4, 13, 11], (1, 16): [1, 3, 1, 5, 7, 16], (1, 19): [1, 5, 8, 15, 19]}
898: {(1, 11): [1, 4, 13, 11], (1, 16): [1, 3, 1, 5, 7, 16], (1, 19): [1, 5, 8, 15, 19]}
899: {(1, 11): [1, 4, 13, 11], (1, 16): [1, 3, 1, 5, 7, 16], (1, 19): [1, 5, 8, 15, 19]}
900: {(1, 11): [1, 4, 13, 11], (1, 16): [1, 3, 1, 5, 7, 16], (1, 19): [1, 5, 8, 15, 19]}
901: {(1, 11): [1, 4, 13, 11], (1, 16): [1, 3, 1, 5, 7, 16], (1, 19): [1, 5, 8, 15, 19]}
902: {(1, 11): [1, 4, 13, 11], (1, 16): [1, 3, 1, 5, 7, 16], (1, 19): [1, 5, 8, 15, 19]}
903: {(1, 11): [1, 4, 13, 11], (1, 16): [1, 3, 1, 5, 7, 16], (1, 19): [1, 5, 8, 15, 19]}
904: {(1, 11): [1, 4, 13, 11], (1, 16): [1, 3, 1, 5, 7, 16], (1, 19): [1, 5, 8, 15, 19]}
905: {(1, 11): [1, 4, 13, 11], (1, 16): [1, 3, 1, 5, 7, 16], (1, 19): [1, 5, 8, 15, 19]}
906: {(1, 11): [1, 4, 13, 11], (1, 16): [1, 3, 1, 5, 7, 16], (1, 19): [1, 5, 8, 15, 19]}
907: {(1, 11): [1, 4, 13, 11], (1, 16): [1, 3, 1, 5, 7, 16], (1, 19): [1, 5, 8, 15, 19]}
908: {(1, 11): [1, 4, 13, 11], (1, 16): [1, 3, 1, 5, 7, 16], (1, 19): [1, 5, 8, 15, 19]}
909: {(1, 11): [1, 4, 13, 11], (1, 16): [1, 3, 1, 5, 7, 16], (1, 19): [1, 5, 8, 15, 19]}
910: {(1, 11): [1, 4, 13, 11], (1, 16): [1, 3, 1, 5, 7, 16], (1, 19): [1, 5, 8, 15, 19]}
911: {(1, 11): [1, 4, 13, 11], (1, 16): [1, 3, 1, 5, 7, 16], (1, 19): [1, 5, 8, 15, 19]}
912: {(1, 11): [1, 4, 13, 11], (1, 16): [1, 3, 1, 5, 7, 16], (1, 19): [1, 5, 8, 15, 19]}
913: {(1, 11): [1, 4, 13, 11], (1, 16): [1, 3, 1, 5, 7, 16], (1, 19): [1, 5, 8, 15, 19]}
914: {(1, 11): [1, 4, 13, 11], (1, 16): [1, 3, 1, 5, 7, 16], (1, 19): [1, 5, 8, 15, 19]}
915: {(1, 11): [1, 4, 13, 11], (1, 16): [1, 3, 1, 5, 7, 16], (1, 19): [1, 5, 8, 15, 19]}
916: {(1, 11): [1, 4, 13, 11], (1, 16): [1, 3, 1, 5, 7, 16], (1, 19): [1, 5, 8, 15, 19]}
917: {(1, 11): [1, 4, 13, 11], (1, 16): [1, 3, 1, 5, 7, 16], (1, 19): [1, 5, 8, 15, 19]}
918: {(1, 11): [1, 4, 13, 11], (1, 16): [1, 3, 1, 5, 7, 16], (1, 19): [1, 5, 8, 15, 19]}
919: {(1, 11): [1, 4, 13, 11], (1, 16): [1, 3, 1, 5, 7, 16], (1, 19): [1, 5, 8, 15, 19]}
920: {(1, 11): [1, 4, 13, 11], (1, 16): [1, 3, 1, 5, 7, 16], (1, 19): [1, 5, 8, 15, 19]}
921: {(1, 11): [1, 4, 13, 11], (1, 16): [1, 3, 1, 5, 7, 16], (1, 19): [1, 5, 8, 15, 19]}
922: {(1, 11): [1, 4, 13, 11], (1, 16): [1, 3, 1, 5, 7, 16], (1, 19): [1, 5, 8, 15, 19]}
923: {(1, 11): [1, 4, 13, 11], (1, 16): [1, 3, 1, 5, 7, 16], (1, 19): [1, 5, 8, 15, 19]}
924: {(1, 11): [1, 4, 13, 11], (1, 16): [1, 3, 1, 5, 7, 16], (1, 19): [1, 5, 8, 15, 19]}
925: {(1, 11): [1, 4, 13, 11], (1, 16): [1, 3, 1, 5, 7, 16], (1, 19): [1, 5, 8, 15, 19]}
926: {(1, 11): [1, 4, 13, 11], (1, 16): [1, 3, 1, 5, 7, 16], (1, 19): [1, 5, 8, 15, 19]}
927: {(1, 11): [1, 4, 13, 11], (1, 16): [1, 3, 1, 5, 7, 16], (1, 19): [1, 5, 8, 15, 19]}
928: {(1, 11): [1, 4, 13, 11], (1, 16): [1, 3, 1, 5, 7, 16], (1, 19): [1, 5, 8, 15, 19]}
929: {(1, 11): [1, 4, 13, 11], (1, 16): [1, 3, 1, 5, 7, 16], (1, 19): [1, 5, 8, 15, 19]}
930: {(1, 11): [1, 4, 13, 11], (1, 16): [1, 3, 1, 5, 7, 16], (1, 19): [1, 5, 8, 15, 19]}
931: {(1, 11): [1, 4, 13, 11], (1, 16): [1, 3, 1, 5, 7, 16], (1, 19): [1, 5, 8, 15, 19]}
932: {(1, 11): [1, 4, 13, 11], (1, 16): [1, 3, 1, 5, 7, 16], (1, 19): [1, 5, 8, 15, 19]}
933: {(1, 11): [1, 4, 13, 11], (1, 16): [1, 3, 1, 5, 7, 16], (1, 19): [1, 5, 8, 15, 19]}
934: {(1, 11): [1, 4, 13, 11], (1, 16): [1, 3, 1, 5, 7, 16], (1, 19): [1, 5, 8, 15, 19]}
935: {(1, 11): [1, 4, 13, 11], (1, 16): [1, 3, 1, 5, 7, 16], (1, 19): [1, 5, 8, 15, 19]}
936: {(1, 11): [1, 4, 13, 11], (1, 16): [1, 3, 1, 5, 7, 16], (1, 19): [1, 5, 8, 15, 19]}
937: {(1, 11): [1, 4, 13, 11], (1, 16): [1, 3, 1, 5, 7, 16], (1, 19): [1, 5, 8, 15, 19]}
938: {(1, 11): [1, 4, 13, 11], (1, 16): [1, 3, 1, 5, 7, 16], (1, 19): [1, 5, 8, 15, 19]}
939: {(1, 11): [1, 4, 13, 11], (1, 16): [1, 3, 1, 5, 7, 16], (1, 19): [1, 5, 8, 15, 19]}
940: {(1, 11): [1, 4, 13, 11], (1, 16): [1, 3, 1, 5, 7, 16], (1, 19): [1, 5, 8, 15, 19]}
941: {(1, 11): [1, 4, 13, 11], (1, 16): [1, 3, 1, 5, 7, 16], (1, 19): [1, 5, 8, 15, 19]}
942: {(1, 11): [1, 4, 13, 11], (1, 16): [1, 3, 1, 5, 7, 16], (1, 19): [1, 5, 8, 15, 19]}
943: {(1, 11): [1, 4, 13, 11], (1, 16): [1, 3, 1, 5, 7, 16], (1, 19): [1, 5, 8, 15, 19]}
944: {(1, 11): [1, 4, 13, 11], (1, 16): [1, 3, 1, 5, 7, 16], (1, 19): [1, 5, 8, 15, 19]}
945: {(1, 11): [1, 4, 13, 11], (1, 16): [1, 3, 1, 5, 7, 16], (1, 19): [1, 5, 8, 15, 19]}
946: {(1, 11): [1, 4, 13, 11], (1, 16): [1, 3, 1, 5, 7, 16], (1, 19): [1, 5, 8, 15, 19]}
947: {(1, 11): [1, 4, 13, 11], (1, 16): [1, 3, 1, 5, 7, 16], (1, 19): [1, 5, 8, 15, 19]}
948: {(1, 11): [1, 4, 13, 11], (1, 16): [1, 3, 1, 5, 7, 16], (1, 19): [1, 5, 8, 15, 19]}
949: {(1, 11): [1, 4, 13, 11], (1, 16): [1, 3, 1, 5, 7, 16], (1, 19): [1, 5, 8, 15, 19]}
950: {(1, 11): [1, 4, 13, 11], (1, 16): [1, 3, 1, 5, 7, 16], (1, 19): [1, 5, 8, 15, 19]}
951: {(1, 11): [1, 4, 13, 11], (1, 16): [1, 3, 1, 5, 7, 16], (1, 19): [1, 5, 8, 15, 19]}
952: {(1, 11): [1, 4, 13, 11], (1, 16): [1, 3, 1, 5, 7, 16], (1, 19): [1, 5, 8, 15, 19]}
953: {(1, 11): [1, 4, 13, 11], (1, 16): [1, 3, 1, 5, 7, 16], (1, 19): [1, 5, 8, 15, 19]}
954: {(1, 11): [1, 4, 13, 11], (1, 16): [1, 3, 1, 5, 7, 16], (1, 19): [1, 5, 8, 15, 19]}
955: {(1, 11): [1, 4, 13, 11], (1, 16): [1, 3, 1, 5, 7, 16], (1, 19): [1, 5, 8, 15, 19]}
956: {(1, 11): [1, 4, 13, 11], (1, 16): [1, 3, 1, 5, 7, 16], (1, 19): [1, 5, 8, 15, 19]}
957: {(1, 11): [1, 4, 13, 11], (1, 16): [1, 3, 1, 5, 7, 16], (1, 19): [1, 5, 8, 15, 19]}
958: {(1, 11): [1, 4, 13, 11], (1, 16): [1, 3, 1, 5, 7, 16], (1, 19): [1, 5, 8, 15, 19]}
959: {(1, 11): [1, 4, 13, 11], (1, 16): [1, 3, 1, 5, 7, 16], (1, 19): [1, 5, 8, 15, 19]}
960: {(1, 11): [1, 4, 13, 11], (1, 16): [1, 3, 1, 5, 7, 16], (1, 19): [1, 5, 8, 15, 19]}
961: {(1, 11): [1, 4, 13, 11], (1, 16): [1, 3, 1, 5, 7, 16], (1, 19): [1, 5, 8, 15, 19]}
962: {(1, 11): [1, 4, 13, 11], (1, 16): [1, 3, 1, 5, 7, 16], (1, 19): [1, 5, 8, 15, 19]}
963: {(1, 11): [1, 4, 13, 11], (1, 16): [1, 3, 1, 5, 7, 16], (1, 19): [1, 5, 8, 15, 19]}
964: {(1, 11): [1, 4, 13, 11], (1, 16): [1, 3, 1, 5, 7, 16], (1, 19): [1, 5, 8, 15, 19]}
965: {(1, 11): [1, 4, 13, 11], (1, 16): [1, 3, 1, 5, 7, 16], (1, 19): [1, 5, 8, 15, 19]}
966: {(1, 11): [1, 4, 13, 11], (1, 16): [1, 3, 1, 5, 7, 16], (1, 19): [1, 5, 8, 15, 19]}
967: {(1, 11): [1, 4, 13, 11], (1, 16): [1, 3, 1, 5, 7, 16], (1, 19): [1, 5, 8, 15, 19]}
968: {(1, 11): [1, 4, 13, 11], (1, 16): [1, 3, 1, 5, 7, 16], (1, 19): [1, 5, 8, 15, 19]}
969: {(1, 11): [1, 4, 13, 11], (1, 16): [1, 3, 1, 5, 7, 16], (1, 19): [1, 5, 8, 15, 19]}
970: {(1, 11): [1, 4, 13, 11], (1, 16): [1, 3, 1, 5, 7, 16], (1, 19): [1, 5, 8, 15, 19]}
971: {(1, 11): [1, 4, 13, 11], (1, 16): [1, 3, 1, 5, 7, 16], (1, 19): [1, 5, 8, 15, 19]}
972: {(1, 11): [1, 4, 13, 11], (1, 16): [1, 3, 1, 5, 7, 16], (1, 19): [1, 5, 8, 15, 19]}
973: {(1, 11): [1, 4, 13, 11], (1, 16): [1, 3, 1, 5, 7, 16], (1, 19): [1, 5, 8, 15, 19]}
974: {(1, 11): [1, 4, 13, 11], (1, 16): [1, 3, 1, 5, 7, 16], (1, 19): [1, 5, 8, 15, 19]}
975: {(1, 11): [1, 4, 13, 11], (1, 16): [1, 3, 1, 5, 7, 16], (1, 19): [1, 5, 8, 15, 19]}
976: {(1, 11): [1, 4, 13, 11], (1, 16): [1, 3, 1, 5, 7, 16], (1, 19): [1, 5, 8, 15, 19]}
977: {(1, 11): [1, 4, 13, 11], (1, 16): [1, 3, 1, 5, 7, 16], (1, 19): [1, 5, 8, 15, 19]}
978: {(1, 11): [1, 4, 13, 11], (1, 16): [1, 3, 1, 5, 7, 16], (1, 19): [1, 5, 8, 15, 19]}
979: {(1, 11): [1, 4, 13, 11], (1, 16): [1, 3, 1, 5, 7, 16], (1, 19): [1, 5, 8, 15, 19]}
980: {(1, 11): [1, 4, 13, 11], (1, 16): [1, 3, 1, 5, 7, 16], (1, 19): [1, 5, 8, 15, 19]}
981: {(1, 11): [1, 4, 13, 11], (1, 16): [1, 3, 1, 5, 7, 16], (1, 19): [1, 5, 8, 15, 19]}
982: {(1, 11): [1, 4, 13, 11], (1, 16): [1, 3, 1, 5, 7, 16], (1, 19): [1, 5, 8, 15, 19]}
983: {(1, 11): [1, 4, 13, 11], (1, 16): [1, 3, 1, 5, 7, 16], (1, 19): [1, 5, 8, 15, 19]}
984: {(1, 11): [1, 4, 13, 11], (1, 16): [1, 3, 1, 5, 7, 16], (1, 19): [1, 5, 8, 15, 19]}
985: {(1, 11): [1, 4, 13, 11], (1, 16): [1, 3, 1, 5, 7, 16], (1, 19): [1, 5, 8, 15, 19]}
986: {(1, 11): [1, 4, 13, 11], (1, 16): [1, 3, 1, 5, 7, 16], (1, 19): [1, 5, 8, 15, 19]}
987: {(1, 11): [1, 4, 13, 11], (1, 16): [1, 3, 1, 5, 7, 16], (1, 19): [1, 5, 8, 15, 19]}
988: {(1, 11): [1, 4, 13, 11], (1, 16): [1, 3, 1, 5, 7, 16], (1, 19): [1, 5, 8, 15, 19]}
989: {(1, 11): [1, 4, 13, 11], (1, 16): [1, 3, 1, 5, 7, 16], (1, 19): [1, 5, 8, 15, 19]}
990: {(1, 11): [1, 4, 13, 11], (1, 16): [1, 3, 1, 5, 7, 16], (1, 19): [1, 5, 8, 15, 19]}
991: {(1, 11): [1, 4, 13, 11], (1, 16): [1, 3, 1, 5, 7, 16], (1, 19): [1, 5, 8, 15, 19]}
992: {(1, 11): [1, 4, 13, 11], (1, 16): [1, 3, 1, 5, 7, 16], (1, 19): [1, 5, 8, 15, 19]}
993: {(1, 11): [1, 4, 13, 11], (1, 16): [1, 3, 1, 5, 7, 16], (1, 19): [1, 5, 8, 15, 19]}
994: {(1, 11): [1, 4, 13, 11], (1, 16): [1, 3, 1, 5, 7, 16], (1, 19): [1, 5, 8, 15, 19]}
995: {(1, 11): [1, 4, 13, 11], (1, 16): [1, 3, 1, 5, 7, 16], (1, 19): [1, 5, 8, 15, 19]}
996: {(1, 11): [1, 4, 13, 11], (1, 16): [1, 3, 1, 5, 7, 16], (1, 19): [1, 5, 8, 15, 19]}
997: {(1, 11): [1, 4, 13, 11], (1, 16): [1, 3, 1, 5, 7, 16], (1, 19): [1, 5, 8, 15, 19]}
998: {(1, 11): [1, 4, 13, 11], (1, 16): [1, 3, 1, 5, 7, 16], (1, 19): [1, 5, 8, 15, 19]}
999: {(1, 11): [1, 4, 13, 11], (1, 16): [1, 3, 1, 5, 7, 16], (1, 19): [1, 5, 8, 15, 19]}
