0: {(1, 16): [1, 5, 7, 16], (1, 19): [1, 1, 5, 8, 15, 19], (1, 11): [1, 5, 1, 3, 2, 1, 3, 2, 11]}
1: {(1, 16): [1, 9, 10, 16], (16, 19): [16, 7, 15, 19], (16, 11): [16, 16, 10, 9, 1, 4, 13, 16, 18, 20, 15, 8, 14, 12, 13, 11]}
2: {(1, 16): [1, 9, 10, 16], (16, 19): [16, 7, 15, 19], (16, 11): [16, 10, 9, 1, 4, 13, 11]}
3: {(1, 16): [1, 9, 10, 16], (16, 19): [16, 7, 15, 19], (16, 11): [16, 10, 9, 1, 4, 13, 11]}
4: {(1, 16): [1, 9, 10, 16], (16, 19): [16, 7, 15, 19], (16, 11): [16, 10, 9, 1, 4, 13, 11]}
5: {(1, 16): [1, 9, 10, 16], (16, 19): [16, 7, 15, 19], (16, 11): [16, 10, 16, 10, 9, 1, 3, 2, 11]}
6: {(1, 16): [1, 9, 10, 16], (16, 19): [16, 7, 15, 19], (16, 11): [16, 10, 9, 1, 3, 2, 11]}
7: {(1, 16): [1, 9, 10, 16], (16, 19): [16, 7, 15, 19], (16, 11): [16, 10, 9, 1, 3, 2, 11]}
8: {(1, 16): [1, 9, 10, 16], (16, 19): [16, 7, 15, 19], (16, 11): [16, 10, 9, 1, 3, 2, 11]}
9: {(1, 16): [1, 9, 10, 16], (16, 19): [16, 7, 15, 19], (16, 11): [16, 10, 9, 1, 3, 2, 11]}
10: {(1, 16): [1, 9, 10, 16], (16, 19): [16, 7, 15, 19], (16, 11): [16, 10, 9, 1, 3, 2, 11]}
11: {(1, 16): [1, 9, 10, 16], (16, 19): [16, 7, 15, 19], (16, 11): [16, 10, 9, 1, 3, 2, 11]}
12: {(1, 16): [1, 9, 10, 16], (16, 19): [16, 7, 15, 19], (16, 11): [16, 10, 9, 1, 3, 2, 11]}
13: {(1, 16): [1, 9, 10, 16], (16, 19): [16, 7, 15, 19], (16, 11): [16, 10, 9, 1, 3, 2, 11]}
14: {(1, 16): [1, 9, 10, 16], (16, 19): [16, 7, 15, 19], (16, 11): [16, 10, 9, 1, 3, 2, 11]}
15: {(1, 16): [1, 9, 10, 16], (16, 19): [16, 7, 15, 19], (16, 11): [16, 10, 9, 1, 3, 2, 11]}
16: {(1, 16): [1, 9, 10, 16], (16, 19): [16, 7, 15, 19], (16, 11): [16, 10, 9, 1, 3, 2, 11]}
17: {(1, 16): [1, 9, 10, 16], (16, 19): [16, 7, 15, 19], (16, 11): [16, 10, 9, 1, 3, 2, 11]}
18: {(1, 16): [1, 9, 10, 16], (16, 19): [16, 7, 15, 19], (16, 11): [16, 10, 9, 1, 3, 2, 11]}
19: {(1, 16): [1, 9, 10, 16], (16, 19): [16, 7, 15, 19], (16, 11): [16, 10, 9, 1, 3, 2, 11]}
20: {(1, 16): [1, 9, 10, 16], (16, 19): [16, 7, 15, 19], (16, 11): [16, 10, 9, 1, 3, 2, 11]}
21: {(1, 16): [1, 9, 10, 16], (16, 19): [16, 7, 15, 19], (16, 11): [16, 10, 9, 1, 3, 2, 11]}
22: {(1, 16): [1, 9, 10, 16], (16, 19): [16, 7, 15, 19], (16, 11): [16, 10, 9, 1, 3, 2, 11]}
23: {(1, 16): [1, 9, 10, 16], (16, 19): [16, 7, 15, 19], (16, 11): [16, 10, 9, 1, 3, 2, 11]}
24: {(1, 16): [1, 9, 10, 16], (16, 19): [16, 7, 15, 19], (16, 11): [16, 10, 9, 1, 3, 2, 11]}
25: {(1, 16): [1, 9, 10, 16], (16, 19): [16, 7, 15, 19], (16, 11): [16, 10, 9, 1, 3, 2, 11]}
26: {(1, 16): [1, 9, 10, 16], (16, 19): [16, 7, 15, 19], (16, 11): [16, 10, 9, 1, 3, 2, 11]}
27: {(1, 16): [1, 9, 10, 16], (16, 19): [16, 7, 15, 19], (16, 11): [16, 10, 9, 1, 3, 2, 11]}
28: {(1, 16): [1, 9, 10, 16], (16, 19): [16, 7, 15, 19], (16, 11): [16, 10, 9, 1, 3, 2, 11]}
29: {(1, 16): [1, 9, 10, 16], (16, 19): [16, 7, 15, 19], (16, 11): [16, 10, 9, 1, 3, 2, 11]}
30: {(1, 16): [1, 9, 10, 16], (16, 19): [16, 7, 15, 19], (16, 11): [16, 10, 9, 1, 3, 2, 11]}
31: {(1, 16): [1, 9, 10, 16], (16, 19): [16, 7, 15, 19], (16, 11): [16, 10, 9, 1, 3, 2, 11]}
32: {(1, 16): [1, 9, 10, 16], (16, 19): [16, 7, 15, 19], (16, 11): [16, 10, 9, 1, 3, 2, 11]}
33: {(1, 16): [1, 9, 10, 16], (16, 19): [16, 7, 15, 19], (16, 11): [16, 10, 9, 1, 3, 2, 11]}
34: {(1, 16): [1, 9, 10, 16], (16, 19): [16, 7, 15, 19], (16, 11): [16, 10, 9, 1, 3, 2, 11]}
35: {(1, 16): [1, 9, 10, 16], (16, 19): [16, 7, 15, 19], (16, 11): [16, 10, 9, 1, 3, 2, 11]}
36: {(1, 16): [1, 9, 10, 16], (16, 19): [16, 7, 15, 19], (16, 11): [16, 10, 9, 1, 3, 2, 11]}
37: {(1, 16): [1, 9, 10, 16], (16, 19): [16, 7, 15, 19], (16, 11): [16, 10, 9, 1, 3, 2, 11]}
38: {(1, 16): [1, 9, 10, 16], (16, 19): [16, 7, 15, 19], (16, 11): [16, 10, 9, 1, 3, 2, 11]}
39: {(1, 16): [1, 9, 10, 16], (16, 19): [16, 7, 15, 19], (16, 11): [16, 10, 9, 1, 3, 2, 11]}
40: {(1, 16): [1, 9, 10, 16], (16, 19): [16, 7, 15, 19], (16, 11): [16, 10, 9, 1, 3, 2, 11]}
41: {(1, 16): [1, 9, 10, 16], (16, 19): [16, 7, 15, 19], (16, 11): [16, 10, 9, 1, 3, 2, 11]}
42: {(1, 16): [1, 9, 10, 16], (16, 19): [16, 7, 15, 19], (16, 11): [16, 10, 9, 1, 3, 2, 11]}
43: {(1, 16): [1, 9, 10, 16], (16, 19): [16, 7, 15, 19], (16, 11): [16, 10, 9, 1, 3, 2, 11]}
44: {(1, 16): [1, 9, 10, 16], (16, 19): [16, 7, 15, 19], (16, 11): [16, 10, 9, 1, 3, 2, 11]}
45: {(1, 16): [1, 9, 10, 16], (16, 19): [16, 7, 15, 19], (16, 11): [16, 10, 9, 1, 3, 2, 11]}
46: {(1, 16): [1, 9, 10, 16], (16, 19): [16, 7, 15, 19], (16, 11): [16, 10, 9, 1, 3, 2, 11]}
47: {(1, 16): [1, 9, 10, 16], (16, 19): [16, 7, 15, 19], (16, 11): [16, 10, 9, 1, 3, 2, 11]}
48: {(1, 16): [1, 9, 10, 16], (16, 19): [16, 7, 15, 19], (16, 11): [16, 10, 9, 1, 3, 2, 11]}
49: {(1, 16): [1, 9, 10, 16], (16, 19): [16, 7, 15, 19], (16, 11): [16, 10, 9, 1, 3, 2, 11]}
50: {(1, 16): [1, 9, 10, 16], (16, 19): [16, 7, 15, 19], (16, 11): [16, 10, 9, 1, 3, 2, 11]}
51: {(1, 16): [1, 9, 10, 16], (16, 19): [16, 7, 15, 19], (16, 11): [16, 10, 9, 1, 3, 2, 11]}
52: {(1, 16): [1, 9, 10, 16], (16, 19): [16, 7, 15, 19], (16, 11): [16, 10, 9, 1, 3, 2, 11]}
53: {(1, 16): [1, 9, 10, 16], (16, 19): [16, 7, 15, 19], (16, 11): [16, 10, 9, 1, 3, 2, 11]}
54: {(1, 16): [1, 9, 10, 16], (16, 19): [16, 7, 15, 19], (16, 11): [16, 10, 9, 1, 3, 2, 11]}
55: {(1, 16): [1, 9, 10, 16], (16, 19): [16, 7, 15, 19], (16, 11): [16, 10, 9, 1, 3, 2, 11]}
56: {(1, 16): [1, 9, 10, 16], (16, 19): [16, 7, 15, 19], (16, 11): [16, 10, 9, 1, 3, 2, 11]}
57: {(1, 16): [1, 9, 10, 16], (16, 19): [16, 7, 15, 19], (16, 11): [16, 10, 9, 1, 3, 2, 11]}
58: {(1, 16): [1, 9, 10, 16], (16, 19): [16, 7, 15, 19], (16, 11): [16, 10, 9, 1, 3, 2, 11]}
59: {(1, 16): [1, 9, 10, 16], (16, 19): [16, 7, 15, 19], (16, 11): [16, 10, 9, 1, 3, 2, 11]}
60: {(1, 16): [1, 9, 10, 16], (16, 19): [16, 7, 15, 19], (16, 11): [16, 10, 9, 1, 3, 2, 11]}
61: {(1, 16): [1, 9, 10, 16], (16, 19): [16, 7, 15, 19], (16, 11): [16, 10, 9, 1, 3, 2, 11]}
62: {(1, 16): [1, 9, 10, 16], (16, 19): [16, 7, 15, 19], (16, 11): [16, 10, 9, 1, 3, 2, 11]}
63: {(1, 16): [1, 9, 10, 16], (16, 19): [16, 7, 15, 19], (16, 11): [16, 10, 9, 1, 3, 2, 11]}
64: {(1, 16): [1, 9, 10, 16], (16, 19): [16, 7, 15, 19], (16, 11): [16, 10, 9, 1, 3, 2, 11]}
65: {(1, 16): [1, 9, 10, 16], (16, 19): [16, 7, 15, 19], (16, 11): [16, 10, 9, 1, 3, 2, 11]}
66: {(1, 16): [1, 9, 10, 16], (16, 19): [16, 7, 15, 19], (16, 11): [16, 10, 9, 1, 3, 2, 11]}
67: {(1, 16): [1, 9, 10, 16], (16, 19): [16, 7, 15, 19], (16, 11): [16, 10, 9, 1, 3, 2, 11]}
68: {(1, 16): [1, 9, 10, 16], (16, 19): [16, 7, 15, 19], (16, 11): [16, 10, 9, 1, 3, 2, 11]}
69: {(1, 16): [1, 9, 10, 16], (16, 19): [16, 7, 15, 19], (16, 11): [16, 10, 9, 1, 3, 2, 11]}
70: {(1, 16): [1, 9, 10, 16], (16, 19): [16, 7, 15, 19], (16, 11): [16, 10, 9, 1, 3, 2, 11]}
71: {(1, 16): [1, 9, 10, 16], (16, 19): [16, 7, 15, 19], (16, 11): [16, 10, 9, 1, 3, 2, 11]}
72: {(1, 16): [1, 9, 10, 16], (16, 19): [16, 7, 15, 19], (16, 11): [16, 10, 9, 1, 3, 2, 11]}
73: {(1, 16): [1, 9, 10, 16], (16, 19): [16, 7, 15, 19], (16, 11): [16, 10, 9, 1, 3, 2, 11]}
74: {(1, 16): [1, 9, 10, 16], (16, 19): [16, 7, 15, 19], (16, 11): [16, 10, 9, 1, 3, 2, 11]}
75: {(1, 16): [1, 9, 10, 16], (16, 19): [16, 7, 15, 19], (16, 11): [16, 10, 9, 1, 3, 2, 11]}
76: {(1, 16): [1, 9, 10, 16], (16, 19): [16, 7, 15, 19], (16, 11): [16, 10, 9, 1, 3, 2, 11]}
77: {(1, 16): [1, 9, 10, 16], (16, 19): [16, 7, 15, 19], (16, 11): [16, 10, 9, 1, 3, 2, 11]}
78: {(1, 16): [1, 9, 10, 16], (16, 19): [16, 7, 15, 19], (16, 11): [16, 10, 9, 1, 3, 2, 11]}
79: {(1, 16): [1, 9, 10, 16], (16, 19): [16, 7, 15, 19], (16, 11): [16, 10, 9, 1, 3, 2, 11]}
80: {(1, 16): [1, 9, 10, 16], (16, 19): [16, 7, 15, 19], (16, 11): [16, 10, 9, 1, 3, 2, 11]}
81: {(1, 16): [1, 9, 10, 16], (16, 19): [16, 7, 15, 19], (16, 11): [16, 10, 9, 1, 3, 2, 11]}
82: {(1, 16): [1, 9, 10, 16], (16, 19): [16, 7, 15, 19], (16, 11): [16, 10, 9, 1, 3, 2, 11]}
83: {(1, 16): [1, 9, 10, 16], (16, 19): [16, 7, 15, 19], (16, 11): [16, 10, 9, 1, 3, 2, 11]}
84: {(1, 16): [1, 9, 10, 16], (16, 19): [16, 7, 15, 19], (16, 11): [16, 10, 9, 1, 3, 2, 11]}
85: {(1, 16): [1, 9, 10, 16], (16, 19): [16, 7, 15, 19], (16, 11): [16, 10, 9, 1, 3, 2, 11]}
86: {(1, 16): [1, 9, 10, 16], (16, 19): [16, 7, 15, 19], (16, 11): [16, 10, 9, 1, 3, 2, 11]}
87: {(1, 16): [1, 9, 10, 16], (16, 19): [16, 7, 15, 19], (16, 11): [16, 10, 9, 1, 3, 2, 11]}
88: {(1, 16): [1, 9, 10, 16], (16, 19): [16, 7, 15, 19], (16, 11): [16, 10, 9, 1, 3, 2, 11]}
89: {(1, 16): [1, 9, 10, 16], (16, 19): [16, 7, 15, 19], (16, 11): [16, 10, 9, 1, 3, 2, 11]}
90: {(1, 16): [1, 9, 10, 16], (16, 19): [16, 7, 15, 19], (16, 11): [16, 10, 9, 1, 3, 2, 11]}
91: {(1, 16): [1, 9, 10, 16], (16, 19): [16, 7, 15, 19], (16, 11): [16, 10, 9, 1, 3, 2, 11]}
92: {(1, 16): [1, 9, 10, 16], (16, 19): [16, 7, 15, 19], (16, 11): [16, 10, 9, 1, 3, 2, 11]}
93: {(1, 16): [1, 9, 10, 16], (16, 19): [16, 7, 15, 19], (16, 11): [16, 10, 9, 1, 3, 2, 11]}
94: {(1, 16): [1, 9, 10, 16], (16, 19): [16, 7, 15, 19], (16, 11): [16, 10, 9, 1, 3, 2, 11]}
95: {(1, 16): [1, 9, 10, 16], (16, 19): [16, 7, 15, 19], (16, 11): [16, 10, 9, 1, 3, 2, 11]}
96: {(1, 16): [1, 9, 10, 16], (16, 19): [16, 7, 15, 19], (16, 11): [16, 10, 9, 1, 3, 2, 11]}
97: {(1, 16): [1, 9, 10, 16], (16, 19): [16, 7, 15, 19], (16, 11): [16, 10, 9, 1, 3, 2, 11]}
98: {(1, 16): [1, 9, 10, 16], (16, 19): [16, 7, 15, 19], (16, 11): [16, 10, 9, 1, 3, 2, 11]}
99: {(1, 16): [1, 9, 10, 16], (16, 19): [16, 7, 15, 19], (16, 11): [16, 10, 9, 1, 3, 2, 11]}
100: {(1, 16): [1, 9, 10, 16], (16, 19): [16, 7, 15, 19], (16, 11): [16, 10, 9, 1, 3, 2, 11]}
101: {(1, 16): [1, 9, 10, 16], (16, 19): [16, 7, 15, 19], (16, 11): [16, 10, 9, 1, 3, 2, 11]}
102: {(1, 16): [1, 9, 10, 16], (16, 19): [16, 7, 15, 19], (16, 11): [16, 10, 9, 1, 3, 2, 11]}
103: {(1, 16): [1, 9, 10, 16], (16, 19): [16, 7, 15, 19], (16, 11): [16, 10, 9, 1, 3, 2, 11]}
104: {(1, 16): [1, 9, 10, 16], (16, 19): [16, 7, 15, 19], (16, 11): [16, 10, 9, 1, 3, 2, 11]}
105: {(1, 16): [1, 9, 10, 16], (16, 19): [16, 7, 15, 19], (16, 11): [16, 10, 9, 1, 3, 2, 11]}
106: {(1, 16): [1, 9, 10, 16], (16, 19): [16, 7, 15, 19], (16, 11): [16, 10, 9, 1, 3, 2, 11]}
107: {(1, 16): [1, 9, 10, 16], (16, 19): [16, 7, 15, 19], (16, 11): [16, 10, 9, 1, 3, 2, 11]}
108: {(1, 16): [1, 9, 10, 16], (16, 19): [16, 7, 15, 19], (16, 11): [16, 10, 9, 1, 3, 2, 11]}
109: {(1, 16): [1, 9, 10, 16], (16, 19): [16, 7, 15, 19], (16, 11): [16, 10, 9, 1, 3, 2, 11]}
110: {(1, 16): [1, 9, 10, 16], (16, 19): [16, 7, 15, 19], (16, 11): [16, 10, 9, 1, 3, 2, 11]}
111: {(1, 16): [1, 9, 10, 16], (16, 19): [16, 7, 15, 19], (16, 11): [16, 10, 9, 1, 3, 2, 11]}
112: {(1, 16): [1, 9, 10, 16], (16, 19): [16, 7, 15, 19], (16, 11): [16, 10, 9, 1, 3, 2, 11]}
113: {(1, 16): [1, 9, 10, 16], (16, 19): [16, 7, 15, 19], (16, 11): [16, 10, 9, 1, 3, 2, 11]}
114: {(1, 16): [1, 9, 10, 16], (16, 19): [16, 7, 15, 19], (16, 11): [16, 10, 9, 1, 3, 2, 11]}
115: {(1, 16): [1, 9, 10, 16], (16, 19): [16, 7, 15, 19], (16, 11): [16, 10, 9, 1, 3, 2, 11]}
116: {(1, 16): [1, 9, 10, 16], (16, 19): [16, 7, 15, 19], (16, 11): [16, 10, 9, 1, 3, 2, 11]}
117: {(1, 16): [1, 9, 10, 16], (16, 19): [16, 7, 15, 19], (16, 11): [16, 10, 9, 1, 3, 2, 11]}
118: {(1, 16): [1, 9, 10, 16], (16, 19): [16, 7, 15, 19], (16, 11): [16, 10, 9, 1, 3, 2, 11]}
119: {(1, 16): [1, 9, 10, 16], (16, 19): [16, 7, 15, 19], (16, 11): [16, 10, 9, 1, 3, 2, 11]}
120: {(1, 16): [1, 9, 10, 16], (16, 19): [16, 7, 15, 19], (16, 11): [16, 10, 9, 1, 3, 2, 11]}
121: {(1, 16): [1, 9, 10, 16], (16, 19): [16, 7, 15, 19], (16, 11): [16, 10, 9, 1, 3, 2, 11]}
122: {(1, 16): [1, 9, 10, 16], (16, 19): [16, 7, 15, 19], (16, 11): [16, 10, 9, 1, 3, 2, 11]}
123: {(1, 16): [1, 9, 10, 16], (16, 19): [16, 7, 15, 19], (16, 11): [16, 10, 9, 1, 3, 2, 11]}
124: {(1, 16): [1, 9, 10, 16], (16, 19): [16, 7, 15, 19], (16, 11): [16, 10, 9, 1, 3, 2, 11]}
125: {(1, 16): [1, 9, 10, 16], (16, 19): [16, 7, 15, 19], (16, 11): [16, 10, 9, 1, 3, 2, 11]}
126: {(1, 16): [1, 9, 10, 16], (16, 19): [16, 7, 15, 19], (16, 11): [16, 10, 9, 1, 3, 2, 11]}
127: {(1, 16): [1, 9, 10, 16], (16, 19): [16, 7, 15, 19], (16, 11): [16, 10, 9, 1, 3, 2, 11]}
128: {(1, 16): [1, 9, 10, 16], (16, 19): [16, 7, 15, 19], (16, 11): [16, 10, 9, 1, 3, 2, 11]}
129: {(1, 16): [1, 9, 10, 16], (16, 19): [16, 7, 15, 19], (16, 11): [16, 10, 9, 1, 3, 2, 11]}
130: {(1, 16): [1, 9, 10, 16], (16, 19): [16, 7, 15, 19], (16, 11): [16, 10, 9, 1, 3, 2, 11]}
131: {(1, 16): [1, 9, 10, 16], (16, 19): [16, 7, 15, 19], (16, 11): [16, 10, 9, 1, 3, 2, 11]}
132: {(1, 16): [1, 9, 10, 16], (16, 19): [16, 7, 15, 19], (16, 11): [16, 10, 9, 1, 3, 2, 11]}
133: {(1, 16): [1, 9, 10, 16], (16, 19): [16, 7, 15, 19], (16, 11): [16, 10, 9, 1, 3, 2, 11]}
134: {(1, 16): [1, 9, 10, 16], (16, 19): [16, 7, 15, 19], (16, 11): [16, 10, 9, 1, 3, 2, 11]}
135: {(1, 16): [1, 9, 10, 16], (16, 19): [16, 7, 15, 19], (16, 11): [16, 10, 9, 1, 3, 2, 11]}
136: {(1, 16): [1, 9, 10, 16], (16, 19): [16, 7, 15, 19], (16, 11): [16, 10, 9, 1, 3, 2, 11]}
137: {(1, 16): [1, 9, 10, 16], (16, 19): [16, 7, 15, 19], (16, 11): [16, 10, 9, 1, 3, 2, 11]}
138: {(1, 16): [1, 9, 10, 16], (16, 19): [16, 7, 15, 19], (16, 11): [16, 10, 9, 1, 3, 2, 11]}
139: {(1, 16): [1, 9, 10, 16], (16, 19): [16, 7, 15, 19], (16, 11): [16, 10, 9, 1, 3, 2, 11]}
140: {(1, 16): [1, 9, 10, 16], (16, 19): [16, 7, 15, 19], (16, 11): [16, 10, 9, 1, 3, 2, 11]}
141: {(1, 16): [1, 9, 10, 16], (16, 19): [16, 7, 15, 19], (16, 11): [16, 10, 9, 1, 3, 2, 11]}
142: {(1, 16): [1, 9, 10, 16], (16, 19): [16, 7, 15, 19], (16, 11): [16, 10, 9, 1, 3, 2, 11]}
143: {(1, 16): [1, 9, 10, 16], (16, 19): [16, 7, 15, 19], (16, 11): [16, 10, 9, 1, 3, 2, 11]}
144: {(1, 16): [1, 9, 10, 16], (16, 19): [16, 7, 15, 19], (16, 11): [16, 10, 9, 1, 3, 2, 11]}
145: {(1, 16): [1, 9, 10, 16], (16, 19): [16, 7, 15, 19], (16, 11): [16, 10, 9, 1, 3, 2, 11]}
146: {(1, 16): [1, 9, 10, 16], (16, 19): [16, 7, 15, 19], (16, 11): [16, 10, 9, 1, 3, 2, 11]}
147: {(1, 16): [1, 9, 10, 16], (16, 19): [16, 7, 15, 19], (16, 11): [16, 10, 9, 1, 3, 2, 11]}
148: {(1, 16): [1, 9, 10, 16], (16, 19): [16, 7, 15, 19], (16, 11): [16, 10, 9, 1, 3, 2, 11]}
149: {(1, 16): [1, 9, 10, 16], (16, 19): [16, 7, 15, 19], (16, 11): [16, 10, 9, 1, 3, 2, 11]}
150: {(1, 16): [1, 9, 10, 16], (16, 19): [16, 7, 15, 19], (16, 11): [16, 10, 9, 1, 3, 2, 11]}
151: {(1, 16): [1, 9, 10, 16], (16, 19): [16, 7, 15, 19], (16, 11): [16, 10, 9, 1, 3, 2, 11]}
152: {(1, 16): [1, 9, 10, 16], (16, 19): [16, 7, 15, 19], (16, 11): [16, 10, 9, 1, 3, 2, 11]}
153: {(1, 16): [1, 9, 10, 16], (16, 19): [16, 7, 15, 19], (16, 11): [16, 10, 9, 1, 3, 2, 11]}
154: {(1, 16): [1, 9, 10, 16], (16, 19): [16, 7, 15, 19], (16, 11): [16, 10, 9, 1, 3, 2, 11]}
155: {(1, 16): [1, 9, 10, 16], (16, 19): [16, 7, 15, 19], (16, 11): [16, 10, 9, 1, 3, 2, 11]}
156: {(1, 16): [1, 9, 10, 16], (16, 19): [16, 7, 15, 19], (16, 11): [16, 10, 9, 1, 3, 2, 11]}
157: {(1, 16): [1, 9, 10, 16], (16, 19): [16, 7, 15, 19], (16, 11): [16, 10, 9, 1, 3, 2, 11]}
158: {(1, 16): [1, 9, 10, 16], (16, 19): [16, 7, 15, 19], (16, 11): [16, 10, 9, 1, 3, 2, 11]}
159: {(1, 16): [1, 9, 10, 16], (16, 19): [16, 7, 15, 19], (16, 11): [16, 10, 9, 1, 3, 2, 11]}
160: {(1, 16): [1, 9, 10, 16], (16, 19): [16, 7, 15, 19], (16, 11): [16, 10, 9, 1, 3, 2, 11]}
161: {(1, 16): [1, 9, 10, 16], (16, 19): [16, 7, 15, 19], (16, 11): [16, 10, 9, 1, 3, 2, 11]}
162: {(1, 16): [1, 9, 10, 16], (16, 19): [16, 7, 15, 19], (16, 11): [16, 10, 9, 1, 3, 2, 11]}
163: {(1, 16): [1, 9, 10, 16], (16, 19): [16, 7, 15, 19], (16, 11): [16, 10, 9, 1, 3, 2, 11]}
164: {(1, 16): [1, 9, 10, 16], (16, 19): [16, 7, 15, 19], (16, 11): [16, 10, 9, 1, 3, 2, 11]}
165: {(1, 16): [1, 9, 10, 16], (16, 19): [16, 7, 15, 19], (16, 11): [16, 10, 9, 1, 3, 2, 11]}
166: {(1, 16): [1, 9, 10, 16], (16, 19): [16, 7, 15, 19], (16, 11): [16, 10, 9, 1, 3, 2, 11]}
167: {(1, 16): [1, 9, 10, 16], (16, 19): [16, 7, 15, 19], (16, 11): [16, 10, 9, 1, 3, 2, 11]}
168: {(1, 16): [1, 9, 10, 16], (16, 19): [16, 7, 15, 19], (16, 11): [16, 10, 9, 1, 3, 2, 11]}
169: {(1, 16): [1, 9, 10, 16], (16, 19): [16, 7, 15, 19], (16, 11): [16, 10, 9, 1, 3, 2, 11]}
170: {(1, 16): [1, 9, 10, 16], (16, 19): [16, 7, 15, 19], (16, 11): [16, 10, 9, 1, 3, 2, 11]}
171: {(1, 16): [1, 9, 10, 16], (16, 19): [16, 7, 15, 19], (16, 11): [16, 10, 9, 1, 3, 2, 11]}
172: {(1, 16): [1, 9, 10, 16], (16, 19): [16, 7, 15, 19], (16, 11): [16, 10, 9, 1, 3, 2, 11]}
173: {(1, 16): [1, 9, 10, 16], (16, 19): [16, 7, 15, 19], (16, 11): [16, 10, 9, 1, 3, 2, 11]}
174: {(1, 16): [1, 9, 10, 16], (16, 19): [16, 7, 15, 19], (16, 11): [16, 10, 9, 1, 3, 2, 11]}
175: {(1, 16): [1, 9, 10, 16], (16, 19): [16, 7, 15, 19], (16, 11): [16, 10, 9, 1, 3, 2, 11]}
176: {(1, 16): [1, 9, 10, 16], (16, 19): [16, 7, 15, 19], (16, 11): [16, 10, 9, 1, 3, 2, 11]}
177: {(1, 16): [1, 9, 10, 16], (16, 19): [16, 7, 15, 19], (16, 11): [16, 10, 9, 1, 3, 2, 11]}
178: {(1, 16): [1, 9, 10, 16], (16, 19): [16, 7, 15, 19], (16, 11): [16, 10, 9, 1, 3, 2, 11]}
179: {(1, 16): [1, 9, 10, 16], (16, 19): [16, 7, 15, 19], (16, 11): [16, 10, 9, 1, 3, 2, 11]}
180: {(1, 16): [1, 9, 10, 16], (16, 19): [16, 7, 15, 19], (16, 11): [16, 10, 9, 1, 3, 2, 11]}
181: {(1, 16): [1, 9, 10, 16], (16, 19): [16, 7, 15, 19], (16, 11): [16, 10, 9, 1, 3, 2, 11]}
182: {(1, 16): [1, 9, 10, 16], (16, 19): [16, 7, 15, 19], (16, 11): [16, 10, 9, 1, 3, 2, 11]}
183: {(1, 16): [1, 9, 10, 16], (16, 19): [16, 7, 15, 19], (16, 11): [16, 10, 9, 1, 3, 2, 11]}
184: {(1, 16): [1, 9, 10, 16], (16, 19): [16, 7, 15, 19], (16, 11): [16, 10, 9, 1, 3, 2, 11]}
185: {(1, 16): [1, 9, 10, 16], (16, 19): [16, 7, 15, 19], (16, 11): [16, 10, 9, 1, 3, 2, 11]}
186: {(1, 16): [1, 9, 10, 16], (16, 19): [16, 7, 15, 19], (16, 11): [16, 10, 9, 1, 3, 2, 11]}
187: {(1, 16): [1, 9, 10, 16], (16, 19): [16, 7, 15, 19], (16, 11): [16, 10, 9, 1, 3, 2, 11]}
188: {(1, 16): [1, 9, 10, 16], (16, 19): [16, 7, 15, 19], (16, 11): [16, 10, 9, 1, 3, 2, 11]}
189: {(1, 16): [1, 9, 10, 16], (16, 19): [16, 7, 15, 19], (16, 11): [16, 10, 9, 1, 3, 2, 11]}
190: {(1, 16): [1, 9, 10, 16], (16, 19): [16, 7, 15, 19], (16, 11): [16, 10, 9, 1, 3, 2, 11]}
191: {(1, 16): [1, 9, 10, 16], (16, 19): [16, 7, 15, 19], (16, 11): [16, 10, 9, 1, 3, 2, 11]}
192: {(1, 16): [1, 9, 10, 16], (16, 19): [16, 7, 15, 19], (16, 11): [16, 10, 9, 1, 3, 2, 11]}
193: {(1, 16): [1, 9, 10, 16], (16, 19): [16, 7, 15, 19], (16, 11): [16, 10, 9, 1, 3, 2, 11]}
194: {(1, 16): [1, 9, 10, 16], (16, 19): [16, 7, 15, 19], (16, 11): [16, 10, 9, 1, 3, 2, 11]}
195: {(1, 16): [1, 9, 10, 16], (16, 19): [16, 7, 15, 19], (16, 11): [16, 10, 9, 1, 3, 2, 11]}
196: {(1, 16): [1, 9, 10, 16], (16, 19): [16, 7, 15, 19], (16, 11): [16, 10, 9, 1, 3, 2, 11]}
197: {(1, 16): [1, 9, 10, 16], (16, 19): [16, 7, 15, 19], (16, 11): [16, 10, 9, 1, 3, 2, 11]}
198: {(1, 16): [1, 9, 10, 16], (16, 19): [16, 7, 15, 19], (16, 11): [16, 10, 9, 1, 3, 2, 11]}
199: {(1, 16): [1, 9, 10, 16], (16, 19): [16, 7, 15, 19], (16, 11): [16, 10, 9, 1, 3, 2, 11]}
200: {(1, 16): [1, 9, 10, 16], (16, 19): [16, 7, 15, 19], (16, 11): [16, 10, 9, 1, 3, 2, 11]}
201: {(1, 16): [1, 9, 10, 16], (16, 19): [16, 7, 15, 19], (16, 11): [16, 10, 9, 1, 3, 2, 11]}
202: {(1, 16): [1, 9, 10, 16], (16, 19): [16, 7, 15, 19], (16, 11): [16, 10, 9, 1, 3, 2, 11]}
203: {(1, 16): [1, 9, 10, 16], (16, 19): [16, 7, 15, 19], (16, 11): [16, 10, 9, 1, 3, 2, 11]}
204: {(1, 16): [1, 9, 10, 16], (16, 19): [16, 7, 15, 19], (16, 11): [16, 10, 9, 1, 3, 2, 11]}
205: {(1, 16): [1, 9, 10, 16], (16, 19): [16, 7, 15, 19], (16, 11): [16, 10, 9, 1, 3, 2, 11]}
206: {(1, 16): [1, 9, 10, 16], (16, 19): [16, 7, 15, 19], (16, 11): [16, 10, 9, 1, 3, 2, 11]}
207: {(1, 16): [1, 9, 10, 16], (16, 19): [16, 7, 15, 19], (16, 11): [16, 10, 9, 1, 3, 2, 11]}
208: {(1, 16): [1, 9, 10, 16], (16, 19): [16, 7, 15, 19], (16, 11): [16, 10, 9, 1, 3, 2, 11]}
209: {(1, 16): [1, 9, 10, 16], (16, 19): [16, 7, 15, 19], (16, 11): [16, 10, 9, 1, 3, 2, 11]}
210: {(1, 16): [1, 9, 10, 16], (16, 19): [16, 7, 15, 19], (16, 11): [16, 10, 9, 1, 3, 2, 11]}
211: {(1, 16): [1, 9, 10, 16], (16, 19): [16, 7, 15, 19], (16, 11): [16, 10, 9, 1, 3, 2, 11]}
212: {(1, 16): [1, 9, 10, 16], (16, 19): [16, 7, 15, 19], (16, 11): [16, 10, 9, 1, 3, 2, 11]}
213: {(1, 16): [1, 9, 10, 16], (16, 19): [16, 7, 15, 19], (16, 11): [16, 10, 9, 1, 3, 2, 11]}
214: {(1, 16): [1, 9, 10, 16], (16, 19): [16, 7, 15, 19], (16, 11): [16, 10, 9, 1, 3, 2, 11]}
215: {(1, 16): [1, 9, 10, 16], (16, 19): [16, 7, 15, 19], (16, 11): [16, 10, 9, 1, 3, 2, 11]}
216: {(1, 16): [1, 9, 10, 16], (16, 19): [16, 7, 15, 19], (16, 11): [16, 10, 9, 1, 3, 2, 11]}
217: {(1, 16): [1, 9, 10, 16], (16, 19): [16, 7, 15, 19], (16, 11): [16, 10, 9, 1, 3, 2, 11]}
218: {(1, 16): [1, 9, 10, 16], (16, 19): [16, 7, 15, 19], (16, 11): [16, 10, 9, 1, 3, 2, 11]}
219: {(1, 16): [1, 9, 10, 16], (16, 19): [16, 7, 15, 19], (16, 11): [16, 10, 9, 1, 3, 2, 11]}
220: {(1, 16): [1, 9, 10, 16], (16, 19): [16, 7, 15, 19], (16, 11): [16, 10, 9, 1, 3, 2, 11]}
221: {(1, 16): [1, 9, 10, 16], (16, 19): [16, 7, 15, 19], (16, 11): [16, 10, 9, 1, 3, 2, 11]}
222: {(1, 16): [1, 9, 10, 16], (16, 19): [16, 7, 15, 19], (16, 11): [16, 10, 9, 1, 3, 2, 11]}
223: {(1, 16): [1, 9, 10, 16], (16, 19): [16, 7, 15, 19], (16, 11): [16, 10, 9, 1, 3, 2, 11]}
224: {(1, 16): [1, 9, 10, 16], (16, 19): [16, 7, 15, 19], (16, 11): [16, 10, 9, 1, 3, 2, 11]}
225: {(1, 16): [1, 9, 10, 16], (16, 19): [16, 7, 15, 19], (16, 11): [16, 10, 9, 1, 3, 2, 11]}
226: {(1, 16): [1, 9, 10, 16], (16, 19): [16, 7, 15, 19], (16, 11): [16, 10, 9, 1, 3, 2, 11]}
227: {(1, 16): [1, 9, 10, 16], (16, 19): [16, 7, 15, 19], (16, 11): [16, 10, 9, 1, 3, 2, 11]}
228: {(1, 16): [1, 9, 10, 16], (16, 19): [16, 7, 15, 19], (16, 11): [16, 10, 9, 1, 3, 2, 11]}
229: {(1, 16): [1, 9, 10, 16], (16, 19): [16, 7, 15, 19], (16, 11): [16, 10, 9, 1, 3, 2, 11]}
230: {(1, 16): [1, 9, 10, 16], (16, 19): [16, 7, 15, 19], (16, 11): [16, 10, 9, 1, 3, 2, 11]}
231: {(1, 16): [1, 9, 10, 16], (16, 19): [16, 7, 15, 19], (16, 11): [16, 10, 9, 1, 3, 2, 11]}
232: {(1, 16): [1, 9, 10, 16], (16, 19): [16, 7, 15, 19], (16, 11): [16, 10, 9, 1, 3, 2, 11]}
233: {(1, 16): [1, 9, 10, 16], (16, 19): [16, 7, 15, 19], (16, 11): [16, 10, 9, 1, 3, 2, 11]}
234: {(1, 16): [1, 9, 10, 16], (16, 19): [16, 7, 15, 19], (16, 11): [16, 10, 9, 1, 3, 2, 11]}
235: {(1, 16): [1, 9, 10, 16], (16, 19): [16, 7, 15, 19], (16, 11): [16, 10, 9, 1, 3, 2, 11]}
236: {(1, 16): [1, 9, 10, 16], (16, 19): [16, 7, 15, 19], (16, 11): [16, 10, 9, 1, 3, 2, 11]}
237: {(1, 16): [1, 9, 10, 16], (16, 19): [16, 7, 15, 19], (16, 11): [16, 10, 9, 1, 3, 2, 11]}
238: {(1, 16): [1, 9, 10, 16], (16, 19): [16, 7, 15, 19], (16, 11): [16, 10, 9, 1, 3, 2, 11]}
239: {(1, 16): [1, 9, 10, 16], (16, 19): [16, 7, 15, 19], (16, 11): [16, 10, 9, 1, 3, 2, 11]}
240: {(1, 16): [1, 9, 10, 16], (16, 19): [16, 7, 15, 19], (16, 11): [16, 10, 9, 1, 3, 2, 11]}
241: {(1, 16): [1, 9, 10, 16], (16, 19): [16, 7, 15, 19], (16, 11): [16, 10, 9, 1, 3, 2, 11]}
242: {(1, 16): [1, 9, 10, 16], (16, 19): [16, 7, 15, 19], (16, 11): [16, 10, 9, 1, 3, 2, 11]}
243: {(1, 16): [1, 9, 10, 16], (16, 19): [16, 7, 15, 19], (16, 11): [16, 10, 9, 1, 3, 2, 11]}
244: {(1, 16): [1, 9, 10, 16], (16, 19): [16, 7, 15, 19], (16, 11): [16, 10, 9, 1, 3, 2, 11]}
245: {(1, 16): [1, 9, 10, 16], (16, 19): [16, 7, 15, 19], (16, 11): [16, 10, 9, 1, 3, 2, 11]}
246: {(1, 16): [1, 9, 10, 16], (16, 19): [16, 7, 15, 19], (16, 11): [16, 10, 9, 1, 3, 2, 11]}
247: {(1, 16): [1, 9, 10, 16], (16, 19): [16, 7, 15, 19], (16, 11): [16, 10, 9, 1, 3, 2, 11]}
248: {(1, 16): [1, 9, 10, 16], (16, 19): [16, 7, 15, 19], (16, 11): [16, 10, 9, 1, 3, 2, 11]}
249: {(1, 16): [1, 9, 10, 16], (16, 19): [16, 7, 15, 19], (16, 11): [16, 10, 9, 1, 3, 2, 11]}
250: {(1, 16): [1, 9, 10, 16], (16, 19): [16, 7, 15, 19], (16, 11): [16, 10, 9, 1, 3, 2, 11]}
251: {(1, 16): [1, 9, 10, 16], (16, 19): [16, 7, 15, 19], (16, 11): [16, 10, 9, 1, 3, 2, 11]}
252: {(1, 16): [1, 9, 10, 16], (16, 19): [16, 7, 15, 19], (16, 11): [16, 10, 9, 1, 3, 2, 11]}
253: {(1, 16): [1, 9, 10, 16], (16, 19): [16, 7, 15, 19], (16, 11): [16, 10, 9, 1, 3, 2, 11]}
254: {(1, 16): [1, 9, 10, 16], (16, 19): [16, 7, 15, 19], (16, 11): [16, 10, 9, 1, 3, 2, 11]}
255: {(1, 16): [1, 9, 10, 16], (16, 19): [16, 7, 15, 19], (16, 11): [16, 10, 9, 1, 3, 2, 11]}
256: {(1, 16): [1, 9, 10, 16], (16, 19): [16, 7, 15, 19], (16, 11): [16, 10, 9, 1, 3, 2, 11]}
257: {(1, 16): [1, 9, 10, 16], (16, 19): [16, 7, 15, 19], (16, 11): [16, 10, 9, 1, 3, 2, 11]}
258: {(1, 16): [1, 9, 10, 16], (16, 19): [16, 7, 15, 19], (16, 11): [16, 10, 9, 1, 3, 2, 11]}
259: {(1, 16): [1, 9, 10, 16], (16, 19): [16, 7, 15, 19], (16, 11): [16, 10, 9, 1, 3, 2, 11]}
260: {(1, 16): [1, 9, 10, 16], (16, 19): [16, 7, 15, 19], (16, 11): [16, 10, 9, 1, 3, 2, 11]}
261: {(1, 16): [1, 9, 10, 16], (16, 19): [16, 7, 15, 19], (16, 11): [16, 10, 9, 1, 3, 2, 11]}
262: {(1, 16): [1, 9, 10, 16], (16, 19): [16, 7, 15, 19], (16, 11): [16, 10, 9, 1, 3, 2, 11]}
263: {(1, 16): [1, 9, 10, 16], (16, 19): [16, 7, 15, 19], (16, 11): [16, 10, 9, 1, 3, 2, 11]}
264: {(1, 16): [1, 9, 10, 16], (16, 19): [16, 7, 15, 19], (16, 11): [16, 10, 9, 1, 3, 2, 11]}
265: {(1, 16): [1, 9, 10, 16], (16, 19): [16, 7, 15, 19], (16, 11): [16, 10, 9, 1, 3, 2, 11]}
266: {(1, 16): [1, 9, 10, 16], (16, 19): [16, 7, 15, 19], (16, 11): [16, 10, 9, 1, 3, 2, 11]}
267: {(1, 16): [1, 9, 10, 16], (16, 19): [16, 7, 15, 19], (16, 11): [16, 10, 9, 1, 3, 2, 11]}
268: {(1, 16): [1, 9, 10, 16], (16, 19): [16, 7, 15, 19], (16, 11): [16, 10, 9, 1, 3, 2, 11]}
269: {(1, 16): [1, 9, 10, 16], (16, 19): [16, 7, 15, 19], (16, 11): [16, 10, 9, 1, 3, 2, 11]}
270: {(1, 16): [1, 9, 10, 16], (16, 19): [16, 7, 15, 19], (16, 11): [16, 10, 9, 1, 3, 2, 11]}
271: {(1, 16): [1, 9, 10, 16], (16, 19): [16, 7, 15, 19], (16, 11): [16, 10, 9, 1, 3, 2, 11]}
272: {(1, 16): [1, 9, 10, 16], (16, 19): [16, 7, 15, 19], (16, 11): [16, 10, 9, 1, 3, 2, 11]}
273: {(1, 16): [1, 9, 10, 16], (16, 19): [16, 7, 15, 19], (16, 11): [16, 10, 9, 1, 3, 2, 11]}
274: {(1, 16): [1, 9, 10, 16], (16, 19): [16, 7, 15, 19], (16, 11): [16, 10, 9, 1, 3, 2, 11]}
275: {(1, 16): [1, 9, 10, 16], (16, 19): [16, 7, 15, 19], (16, 11): [16, 10, 9, 1, 3, 2, 11]}
276: {(1, 16): [1, 9, 10, 16], (16, 19): [16, 7, 15, 19], (16, 11): [16, 10, 9, 1, 3, 2, 11]}
277: {(1, 16): [1, 9, 10, 16], (16, 19): [16, 7, 15, 19], (16, 11): [16, 10, 9, 1, 3, 2, 11]}
278: {(1, 16): [1, 9, 10, 16], (16, 19): [16, 7, 15, 19], (16, 11): [16, 10, 9, 1, 3, 2, 11]}
279: {(1, 16): [1, 9, 10, 16], (16, 19): [16, 7, 15, 19], (16, 11): [16, 10, 9, 1, 3, 2, 11]}
280: {(1, 16): [1, 9, 10, 16], (16, 19): [16, 7, 15, 19], (16, 11): [16, 10, 9, 1, 3, 2, 11]}
281: {(1, 16): [1, 9, 10, 16], (16, 19): [16, 7, 15, 19], (16, 11): [16, 10, 9, 1, 3, 2, 11]}
282: {(1, 16): [1, 9, 10, 16], (16, 19): [16, 7, 15, 19], (16, 11): [16, 10, 9, 1, 3, 2, 11]}
283: {(1, 16): [1, 9, 10, 16], (16, 19): [16, 7, 15, 19], (16, 11): [16, 10, 9, 1, 3, 2, 11]}
284: {(1, 16): [1, 9, 10, 16], (16, 19): [16, 7, 15, 19], (16, 11): [16, 10, 9, 1, 3, 2, 11]}
285: {(1, 16): [1, 9, 10, 16], (16, 19): [16, 7, 15, 19], (16, 11): [16, 10, 9, 1, 3, 2, 11]}
286: {(1, 16): [1, 9, 10, 16], (16, 19): [16, 7, 15, 19], (16, 11): [16, 10, 9, 1, 3, 2, 11]}
287: {(1, 16): [1, 9, 10, 16], (16, 19): [16, 7, 15, 19], (16, 11): [16, 10, 9, 1, 3, 2, 11]}
288: {(1, 16): [1, 9, 10, 16], (16, 19): [16, 7, 15, 19], (16, 11): [16, 10, 9, 1, 3, 2, 11]}
289: {(1, 16): [1, 9, 10, 16], (16, 19): [16, 7, 15, 19], (16, 11): [16, 10, 9, 1, 3, 2, 11]}
290: {(1, 16): [1, 9, 10, 16], (16, 19): [16, 7, 15, 19], (16, 11): [16, 10, 9, 1, 3, 2, 11]}
291: {(1, 16): [1, 9, 10, 16], (16, 19): [16, 7, 15, 19], (16, 11): [16, 10, 9, 1, 3, 2, 11]}
292: {(1, 16): [1, 9, 10, 16], (16, 19): [16, 7, 15, 19], (16, 11): [16, 10, 9, 1, 3, 2, 11]}
293: {(1, 16): [1, 9, 10, 16], (16, 19): [16, 7, 15, 19], (16, 11): [16, 10, 9, 1, 3, 2, 11]}
294: {(1, 16): [1, 9, 10, 16], (16, 19): [16, 7, 15, 19], (16, 11): [16, 10, 9, 1, 3, 2, 11]}
295: {(1, 16): [1, 9, 10, 16], (16, 19): [16, 7, 15, 19], (16, 11): [16, 10, 9, 1, 3, 2, 11]}
296: {(1, 16): [1, 9, 10, 16], (16, 19): [16, 7, 15, 19], (16, 11): [16, 10, 9, 1, 3, 2, 11]}
297: {(1, 16): [1, 9, 10, 16], (16, 19): [16, 7, 15, 19], (16, 11): [16, 10, 9, 1, 3, 2, 11]}
298: {(1, 16): [1, 9, 10, 16], (16, 19): [16, 7, 15, 19], (16, 11): [16, 10, 9, 1, 3, 2, 11]}
299: {(1, 16): [1, 9, 10, 16], (16, 19): [16, 7, 15, 19], (16, 11): [16, 10, 9, 1, 3, 2, 11]}
300: {(1, 16): [1, 9, 10, 16], (16, 19): [16, 7, 15, 19], (16, 11): [16, 10, 9, 1, 3, 2, 11]}
301: {(1, 16): [1, 9, 10, 16], (16, 19): [16, 7, 15, 19], (16, 11): [16, 10, 9, 1, 3, 2, 11]}
302: {(1, 16): [1, 9, 10, 16], (16, 19): [16, 7, 15, 19], (16, 11): [16, 10, 9, 1, 3, 2, 11]}
303: {(1, 16): [1, 9, 10, 16], (16, 19): [16, 7, 15, 19], (16, 11): [16, 10, 9, 1, 3, 2, 11]}
304: {(1, 16): [1, 9, 10, 16], (16, 19): [16, 7, 15, 19], (16, 11): [16, 10, 9, 1, 3, 2, 11]}
305: {(1, 16): [1, 9, 10, 16], (16, 19): [16, 7, 15, 19], (16, 11): [16, 10, 9, 1, 3, 2, 11]}
306: {(1, 16): [1, 9, 10, 16], (16, 19): [16, 7, 15, 19], (16, 11): [16, 10, 9, 1, 3, 2, 11]}
307: {(1, 16): [1, 9, 10, 16], (16, 19): [16, 7, 15, 19], (16, 11): [16, 10, 9, 1, 3, 2, 11]}
308: {(1, 16): [1, 9, 10, 16], (16, 19): [16, 7, 15, 19], (16, 11): [16, 10, 9, 1, 3, 2, 11]}
309: {(1, 16): [1, 9, 10, 16], (16, 19): [16, 7, 15, 19], (16, 11): [16, 10, 9, 1, 3, 2, 11]}
310: {(1, 16): [1, 9, 10, 16], (16, 19): [16, 7, 15, 19], (16, 11): [16, 10, 9, 1, 3, 2, 11]}
311: {(1, 16): [1, 9, 10, 16], (16, 19): [16, 7, 15, 19], (16, 11): [16, 10, 9, 1, 3, 2, 11]}
312: {(1, 16): [1, 9, 10, 16], (16, 19): [16, 7, 15, 19], (16, 11): [16, 10, 9, 1, 3, 2, 11]}
313: {(1, 16): [1, 9, 10, 16], (16, 19): [16, 7, 15, 19], (16, 11): [16, 10, 9, 1, 3, 2, 11]}
314: {(1, 16): [1, 9, 10, 16], (16, 19): [16, 7, 15, 19], (16, 11): [16, 10, 9, 1, 3, 2, 11]}
315: {(1, 16): [1, 9, 10, 16], (16, 19): [16, 7, 15, 19], (16, 11): [16, 10, 9, 1, 3, 2, 11]}
316: {(1, 16): [1, 9, 10, 16], (16, 19): [16, 7, 15, 19], (16, 11): [16, 10, 9, 1, 3, 2, 11]}
317: {(1, 16): [1, 9, 10, 16], (16, 19): [16, 7, 15, 19], (16, 11): [16, 10, 9, 1, 3, 2, 11]}
318: {(1, 16): [1, 9, 10, 16], (16, 19): [16, 7, 15, 19], (16, 11): [16, 10, 9, 1, 3, 2, 11]}
319: {(1, 16): [1, 9, 10, 16], (16, 19): [16, 7, 15, 19], (16, 11): [16, 10, 9, 1, 3, 2, 11]}
320: {(1, 16): [1, 9, 10, 16], (16, 19): [16, 7, 15, 19], (16, 11): [16, 10, 9, 1, 3, 2, 11]}
321: {(1, 16): [1, 9, 10, 16], (16, 19): [16, 7, 15, 19], (16, 11): [16, 10, 9, 1, 3, 2, 11]}
322: {(1, 16): [1, 9, 10, 16], (16, 19): [16, 7, 15, 19], (16, 11): [16, 10, 9, 1, 3, 2, 11]}
323: {(1, 16): [1, 9, 10, 16], (16, 19): [16, 7, 15, 19], (16, 11): [16, 10, 9, 1, 3, 2, 11]}
324: {(1, 16): [1, 9, 10, 16], (16, 19): [16, 7, 15, 19], (16, 11): [16, 10, 9, 1, 3, 2, 11]}
325: {(1, 16): [1, 9, 10, 16], (16, 19): [16, 7, 15, 19], (16, 11): [16, 10, 9, 1, 3, 2, 11]}
326: {(1, 16): [1, 9, 10, 16], (16, 19): [16, 7, 15, 19], (16, 11): [16, 10, 9, 1, 3, 2, 11]}
327: {(1, 16): [1, 9, 10, 16], (16, 19): [16, 7, 15, 19], (16, 11): [16, 10, 9, 1, 3, 2, 11]}
328: {(1, 16): [1, 9, 10, 16], (16, 19): [16, 7, 15, 19], (16, 11): [16, 10, 9, 1, 3, 2, 11]}
329: {(1, 16): [1, 9, 10, 16], (16, 19): [16, 7, 15, 19], (16, 11): [16, 10, 9, 1, 3, 2, 11]}
330: {(1, 16): [1, 9, 10, 16], (16, 19): [16, 7, 15, 19], (16, 11): [16, 10, 9, 1, 3, 2, 11]}
331: {(1, 16): [1, 9, 10, 16], (16, 19): [16, 7, 15, 19], (16, 11): [16, 10, 9, 1, 3, 2, 11]}
332: {(1, 16): [1, 9, 10, 16], (16, 19): [16, 7, 15, 19], (16, 11): [16, 10, 9, 1, 3, 2, 11]}
333: {(1, 16): [1, 9, 10, 16], (16, 19): [16, 7, 15, 19], (16, 11): [16, 10, 9, 1, 3, 2, 11]}
334: {(1, 16): [1, 9, 10, 16], (16, 19): [16, 7, 15, 19], (16, 11): [16, 10, 9, 1, 3, 2, 11]}
335: {(1, 16): [1, 9, 10, 16], (16, 19): [16, 7, 15, 19], (16, 11): [16, 10, 9, 1, 3, 2, 11]}
336: {(1, 16): [1, 9, 10, 16], (16, 19): [16, 7, 15, 19], (16, 11): [16, 10, 9, 1, 3, 2, 11]}
337: {(1, 16): [1, 9, 10, 16], (16, 19): [16, 7, 15, 19], (16, 11): [16, 10, 9, 1, 3, 2, 11]}
338: {(1, 16): [1, 9, 10, 16], (16, 19): [16, 7, 15, 19], (16, 11): [16, 10, 9, 1, 3, 2, 11]}
339: {(1, 16): [1, 9, 10, 16], (16, 19): [16, 7, 15, 19], (16, 11): [16, 10, 9, 1, 3, 2, 11]}
340: {(1, 16): [1, 9, 10, 16], (16, 19): [16, 7, 15, 19], (16, 11): [16, 10, 9, 1, 3, 2, 11]}
341: {(1, 16): [1, 9, 10, 16], (16, 19): [16, 7, 15, 19], (16, 11): [16, 10, 9, 1, 3, 2, 11]}
342: {(1, 16): [1, 9, 10, 16], (16, 19): [16, 7, 15, 19], (16, 11): [16, 10, 9, 1, 3, 2, 11]}
343: {(1, 16): [1, 9, 10, 16], (16, 19): [16, 7, 15, 19], (16, 11): [16, 10, 9, 1, 3, 2, 11]}
344: {(1, 16): [1, 9, 10, 16], (16, 19): [16, 7, 15, 19], (16, 11): [16, 10, 9, 1, 3, 2, 11]}
345: {(1, 16): [1, 9, 10, 16], (16, 19): [16, 7, 15, 19], (16, 11): [16, 10, 9, 1, 3, 2, 11]}
346: {(1, 16): [1, 9, 10, 16], (16, 19): [16, 7, 15, 19], (16, 11): [16, 10, 9, 1, 3, 2, 11]}
347: {(1, 16): [1, 9, 10, 16], (16, 19): [16, 7, 15, 19], (16, 11): [16, 10, 9, 1, 3, 2, 11]}
348: {(1, 16): [1, 9, 10, 16], (16, 19): [16, 7, 15, 19], (16, 11): [16, 10, 9, 1, 3, 2, 11]}
349: {(1, 16): [1, 9, 10, 16], (16, 19): [16, 7, 15, 19], (16, 11): [16, 10, 9, 1, 3, 2, 11]}
350: {(1, 16): [1, 9, 10, 16], (16, 19): [16, 7, 15, 19], (16, 11): [16, 10, 9, 1, 3, 2, 11]}
351: {(1, 16): [1, 9, 10, 16], (16, 19): [16, 7, 15, 19], (16, 11): [16, 10, 9, 1, 3, 2, 11]}
352: {(1, 16): [1, 9, 10, 16], (16, 19): [16, 7, 15, 19], (16, 11): [16, 10, 9, 1, 3, 2, 11]}
353: {(1, 16): [1, 9, 10, 16], (16, 19): [16, 7, 15, 19], (16, 11): [16, 10, 9, 1, 3, 2, 11]}
354: {(1, 16): [1, 9, 10, 16], (16, 19): [16, 7, 15, 19], (16, 11): [16, 10, 9, 1, 3, 2, 11]}
355: {(1, 16): [1, 9, 10, 16], (16, 19): [16, 7, 15, 19], (16, 11): [16, 10, 9, 1, 3, 2, 11]}
356: {(1, 16): [1, 9, 10, 16], (16, 19): [16, 7, 15, 19], (16, 11): [16, 10, 9, 1, 3, 2, 11]}
357: {(1, 16): [1, 9, 10, 16], (16, 19): [16, 7, 15, 19], (16, 11): [16, 10, 9, 1, 3, 2, 11]}
358: {(1, 16): [1, 9, 10, 16], (16, 19): [16, 7, 15, 19], (16, 11): [16, 10, 9, 1, 3, 2, 11]}
359: {(1, 16): [1, 9, 10, 16], (16, 19): [16, 7, 15, 19], (16, 11): [16, 10, 9, 1, 3, 2, 11]}
360: {(1, 16): [1, 9, 10, 16], (16, 19): [16, 7, 15, 19], (16, 11): [16, 10, 9, 1, 3, 2, 11]}
361: {(1, 16): [1, 9, 10, 16], (16, 19): [16, 7, 15, 19], (16, 11): [16, 10, 9, 1, 3, 2, 11]}
362: {(1, 16): [1, 9, 10, 16], (16, 19): [16, 7, 15, 19], (16, 11): [16, 10, 9, 1, 3, 2, 11]}
363: {(1, 16): [1, 9, 10, 16], (16, 19): [16, 7, 15, 19], (16, 11): [16, 10, 9, 1, 3, 2, 11]}
364: {(1, 16): [1, 9, 10, 16], (16, 19): [16, 7, 15, 19], (16, 11): [16, 10, 9, 1, 3, 2, 11]}
365: {(1, 16): [1, 9, 10, 16], (16, 19): [16, 7, 15, 19], (16, 11): [16, 10, 9, 1, 3, 2, 11]}
366: {(1, 16): [1, 9, 10, 16], (16, 19): [16, 7, 15, 19], (16, 11): [16, 10, 9, 1, 3, 2, 11]}
367: {(1, 16): [1, 9, 10, 16], (16, 19): [16, 7, 15, 19], (16, 11): [16, 10, 9, 1, 3, 2, 11]}
368: {(1, 16): [1, 9, 10, 16], (16, 19): [16, 7, 15, 19], (16, 11): [16, 10, 9, 1, 3, 2, 11]}
369: {(1, 16): [1, 9, 10, 16], (16, 19): [16, 7, 15, 19], (16, 11): [16, 10, 9, 1, 3, 2, 11]}
370: {(1, 16): [1, 9, 10, 16], (16, 19): [16, 7, 15, 19], (16, 11): [16, 10, 9, 1, 3, 2, 11]}
371: {(1, 16): [1, 9, 10, 16], (16, 19): [16, 7, 15, 19], (16, 11): [16, 10, 9, 1, 3, 2, 11]}
372: {(1, 16): [1, 9, 10, 16], (16, 19): [16, 7, 15, 19], (16, 11): [16, 10, 9, 1, 3, 2, 11]}
373: {(1, 16): [1, 9, 10, 16], (16, 19): [16, 7, 15, 19], (16, 11): [16, 10, 9, 1, 3, 2, 11]}
374: {(1, 16): [1, 9, 10, 16], (16, 19): [16, 7, 15, 19], (16, 11): [16, 10, 9, 1, 3, 2, 11]}
375: {(1, 16): [1, 9, 10, 16], (16, 19): [16, 7, 15, 19], (16, 11): [16, 10, 9, 1, 3, 2, 11]}
376: {(1, 16): [1, 9, 10, 16], (16, 19): [16, 7, 15, 19], (16, 11): [16, 10, 9, 1, 3, 2, 11]}
377: {(1, 16): [1, 9, 10, 16], (16, 19): [16, 7, 15, 19], (16, 11): [16, 10, 9, 1, 3, 2, 11]}
378: {(1, 16): [1, 9, 10, 16], (16, 19): [16, 7, 15, 19], (16, 11): [16, 10, 9, 1, 3, 2, 11]}
379: {(1, 16): [1, 9, 10, 16], (16, 19): [16, 7, 15, 19], (16, 11): [16, 10, 9, 1, 3, 2, 11]}
380: {(1, 16): [1, 9, 10, 16], (16, 19): [16, 7, 15, 19], (16, 11): [16, 10, 9, 1, 3, 2, 11]}
381: {(1, 16): [1, 9, 10, 16], (16, 19): [16, 7, 15, 19], (16, 11): [16, 10, 9, 1, 3, 2, 11]}
382: {(1, 16): [1, 9, 10, 16], (16, 19): [16, 7, 15, 19], (16, 11): [16, 10, 9, 1, 3, 2, 11]}
383: {(1, 16): [1, 9, 10, 16], (16, 19): [16, 7, 15, 19], (16, 11): [16, 10, 9, 1, 3, 2, 11]}
384: {(1, 16): [1, 9, 10, 16], (16, 19): [16, 7, 15, 19], (16, 11): [16, 10, 9, 1, 3, 2, 11]}
385: {(1, 16): [1, 9, 10, 16], (16, 19): [16, 7, 15, 19], (16, 11): [16, 10, 9, 1, 3, 2, 11]}
386: {(1, 16): [1, 9, 10, 16], (16, 19): [16, 7, 15, 19], (16, 11): [16, 10, 9, 1, 3, 2, 11]}
387: {(1, 16): [1, 9, 10, 16], (16, 19): [16, 7, 15, 19], (16, 11): [16, 10, 9, 1, 3, 2, 11]}
388: {(1, 16): [1, 9, 10, 16], (16, 19): [16, 7, 15, 19], (16, 11): [16, 10, 9, 1, 3, 2, 11]}
389: {(1, 16): [1, 9, 10, 16], (16, 19): [16, 7, 15, 19], (16, 11): [16, 10, 9, 1, 3, 2, 11]}
390: {(1, 16): [1, 9, 10, 16], (16, 19): [16, 7, 15, 19], (16, 11): [16, 10, 9, 1, 3, 2, 11]}
391: {(1, 16): [1, 9, 10, 16], (16, 19): [16, 7, 15, 19], (16, 11): [16, 10, 9, 1, 3, 2, 11]}
392: {(1, 16): [1, 9, 10, 16], (16, 19): [16, 7, 15, 19], (16, 11): [16, 10, 9, 1, 3, 2, 11]}
393: {(1, 16): [1, 9, 10, 16], (16, 19): [16, 7, 15, 19], (16, 11): [16, 10, 9, 1, 3, 2, 11]}
394: {(1, 16): [1, 9, 10, 16], (16, 19): [16, 7, 15, 19], (16, 11): [16, 10, 9, 1, 3, 2, 11]}
395: {(1, 16): [1, 9, 10, 16], (16, 19): [16, 7, 15, 19], (16, 11): [16, 10, 9, 1, 3, 2, 11]}
396: {(1, 16): [1, 9, 10, 16], (16, 19): [16, 7, 15, 19], (16, 11): [16, 10, 9, 1, 3, 2, 11]}
397: {(1, 16): [1, 9, 10, 16], (16, 19): [16, 7, 15, 19], (16, 11): [16, 10, 9, 1, 3, 2, 11]}
398: {(1, 16): [1, 9, 10, 16], (16, 19): [16, 7, 15, 19], (16, 11): [16, 10, 9, 1, 3, 2, 11]}
399: {(1, 16): [1, 9, 10, 16], (16, 19): [16, 7, 15, 19], (16, 11): [16, 10, 9, 1, 3, 2, 11]}
400: {(1, 16): [1, 9, 10, 16], (16, 19): [16, 7, 15, 19], (16, 11): [16, 10, 9, 1, 3, 2, 11]}
401: {(1, 16): [1, 9, 10, 16], (16, 19): [16, 7, 15, 19], (16, 11): [16, 10, 9, 1, 3, 2, 11]}
402: {(1, 16): [1, 9, 10, 16], (16, 19): [16, 7, 15, 19], (16, 11): [16, 10, 9, 1, 3, 2, 11]}
403: {(1, 16): [1, 9, 10, 16], (16, 19): [16, 7, 15, 19], (16, 11): [16, 10, 9, 1, 3, 2, 11]}
404: {(1, 16): [1, 9, 10, 16], (16, 19): [16, 7, 15, 19], (16, 11): [16, 10, 9, 1, 3, 2, 11]}
405: {(1, 16): [1, 9, 10, 16], (16, 19): [16, 7, 15, 19], (16, 11): [16, 10, 9, 1, 3, 2, 11]}
406: {(1, 16): [1, 9, 10, 16], (16, 19): [16, 7, 15, 19], (16, 11): [16, 10, 9, 1, 3, 2, 11]}
407: {(1, 16): [1, 9, 10, 16], (16, 19): [16, 7, 15, 19], (16, 11): [16, 10, 9, 1, 3, 2, 11]}
408: {(1, 16): [1, 9, 10, 16], (16, 19): [16, 7, 15, 19], (16, 11): [16, 10, 9, 1, 3, 2, 11]}
409: {(1, 16): [1, 9, 10, 16], (16, 19): [16, 7, 15, 19], (16, 11): [16, 10, 9, 1, 3, 2, 11]}
410: {(1, 16): [1, 9, 10, 16], (16, 19): [16, 7, 15, 19], (16, 11): [16, 10, 9, 1, 3, 2, 11]}
411: {(1, 16): [1, 9, 10, 16], (16, 19): [16, 7, 15, 19], (16, 11): [16, 10, 9, 1, 3, 2, 11]}
412: {(1, 16): [1, 9, 10, 16], (16, 19): [16, 7, 15, 19], (16, 11): [16, 10, 9, 1, 3, 2, 11]}
413: {(1, 16): [1, 9, 10, 16], (16, 19): [16, 7, 15, 19], (16, 11): [16, 10, 9, 1, 3, 2, 11]}
414: {(1, 16): [1, 9, 10, 16], (16, 19): [16, 7, 15, 19], (16, 11): [16, 10, 9, 1, 3, 2, 11]}
415: {(1, 16): [1, 9, 10, 16], (16, 19): [16, 7, 15, 19], (16, 11): [16, 10, 9, 1, 3, 2, 11]}
416: {(1, 16): [1, 9, 10, 16], (16, 19): [16, 7, 15, 19], (16, 11): [16, 10, 9, 1, 3, 2, 11]}
417: {(1, 16): [1, 9, 10, 16], (16, 19): [16, 7, 15, 19], (16, 11): [16, 10, 9, 1, 3, 2, 11]}
418: {(1, 16): [1, 9, 10, 16], (16, 19): [16, 7, 15, 19], (16, 11): [16, 10, 9, 1, 3, 2, 11]}
419: {(1, 16): [1, 9, 10, 16], (16, 19): [16, 7, 15, 19], (16, 11): [16, 10, 9, 1, 3, 2, 11]}
420: {(1, 16): [1, 9, 10, 16], (16, 19): [16, 7, 15, 19], (16, 11): [16, 10, 9, 1, 3, 2, 11]}
421: {(1, 16): [1, 9, 10, 16], (16, 19): [16, 7, 15, 19], (16, 11): [16, 10, 9, 1, 3, 2, 11]}
422: {(1, 16): [1, 9, 10, 16], (16, 19): [16, 7, 15, 19], (16, 11): [16, 10, 9, 1, 3, 2, 11]}
423: {(1, 16): [1, 9, 10, 16], (16, 19): [16, 7, 15, 19], (16, 11): [16, 10, 9, 1, 3, 2, 11]}
424: {(1, 16): [1, 9, 10, 16], (16, 19): [16, 7, 15, 19], (16, 11): [16, 10, 9, 1, 3, 2, 11]}
425: {(1, 16): [1, 9, 10, 16], (16, 19): [16, 7, 15, 19], (16, 11): [16, 10, 9, 1, 3, 2, 11]}
426: {(1, 16): [1, 9, 10, 16], (16, 19): [16, 7, 15, 19], (16, 11): [16, 10, 9, 1, 3, 2, 11]}
427: {(1, 16): [1, 9, 10, 16], (16, 19): [16, 7, 15, 19], (16, 11): [16, 10, 9, 1, 3, 2, 11]}
428: {(1, 16): [1, 9, 10, 16], (16, 19): [16, 7, 15, 19], (16, 11): [16, 10, 9, 1, 3, 2, 11]}
429: {(1, 16): [1, 9, 10, 16], (16, 19): [16, 7, 15, 19], (16, 11): [16, 10, 9, 1, 3, 2, 11]}
430: {(1, 16): [1, 9, 10, 16], (16, 19): [16, 7, 15, 19], (16, 11): [16, 10, 9, 1, 3, 2, 11]}
431: {(1, 16): [1, 9, 10, 16], (16, 19): [16, 7, 15, 19], (16, 11): [16, 10, 9, 1, 3, 2, 11]}
432: {(1, 16): [1, 9, 10, 16], (16, 19): [16, 7, 15, 19], (16, 11): [16, 10, 9, 1, 3, 2, 11]}
433: {(1, 16): [1, 9, 10, 16], (16, 19): [16, 7, 15, 19], (16, 11): [16, 10, 9, 1, 3, 2, 11]}
434: {(1, 16): [1, 9, 10, 16], (16, 19): [16, 7, 15, 19], (16, 11): [16, 10, 9, 1, 3, 2, 11]}
435: {(1, 16): [1, 9, 10, 16], (16, 19): [16, 7, 15, 19], (16, 11): [16, 10, 9, 1, 3, 2, 11]}
436: {(1, 16): [1, 9, 10, 16], (16, 19): [16, 7, 15, 19], (16, 11): [16, 10, 9, 1, 3, 2, 11]}
437: {(1, 16): [1, 9, 10, 16], (16, 19): [16, 7, 15, 19], (16, 11): [16, 10, 9, 1, 3, 2, 11]}
438: {(1, 16): [1, 9, 10, 16], (16, 19): [16, 7, 15, 19], (16, 11): [16, 10, 9, 1, 3, 2, 11]}
439: {(1, 16): [1, 9, 10, 16], (16, 19): [16, 7, 15, 19], (16, 11): [16, 10, 9, 1, 3, 2, 11]}
440: {(1, 16): [1, 9, 10, 16], (16, 19): [16, 7, 15, 19], (16, 11): [16, 10, 9, 1, 3, 2, 11]}
441: {(1, 16): [1, 9, 10, 16], (16, 19): [16, 7, 15, 19], (16, 11): [16, 10, 9, 1, 3, 2, 11]}
442: {(1, 16): [1, 9, 10, 16], (16, 19): [16, 7, 15, 19], (16, 11): [16, 10, 9, 1, 3, 2, 11]}
443: {(1, 16): [1, 9, 10, 16], (16, 19): [16, 7, 15, 19], (16, 11): [16, 10, 9, 1, 3, 2, 11]}
444: {(1, 16): [1, 9, 10, 16], (16, 19): [16, 7, 15, 19], (16, 11): [16, 10, 9, 1, 3, 2, 11]}
445: {(1, 16): [1, 9, 10, 16], (16, 19): [16, 7, 15, 19], (16, 11): [16, 10, 9, 1, 3, 2, 11]}
446: {(1, 16): [1, 9, 10, 16], (16, 19): [16, 7, 15, 19], (16, 11): [16, 10, 9, 1, 3, 2, 11]}
447: {(1, 16): [1, 9, 10, 16], (16, 19): [16, 7, 15, 19], (16, 11): [16, 10, 9, 1, 3, 2, 11]}
448: {(1, 16): [1, 9, 10, 16], (16, 19): [16, 7, 15, 19], (16, 11): [16, 10, 9, 1, 3, 2, 11]}
449: {(1, 16): [1, 9, 10, 16], (16, 19): [16, 7, 15, 19], (16, 11): [16, 10, 9, 1, 3, 2, 11]}
450: {(1, 16): [1, 9, 10, 16], (16, 19): [16, 7, 15, 19], (16, 11): [16, 10, 9, 1, 3, 2, 11]}
451: {(1, 16): [1, 9, 10, 16], (16, 19): [16, 7, 15, 19], (16, 11): [16, 10, 9, 1, 3, 2, 11]}
452: {(1, 16): [1, 9, 10, 16], (16, 19): [16, 7, 15, 19], (16, 11): [16, 10, 9, 1, 3, 2, 11]}
453: {(1, 16): [1, 9, 10, 16], (16, 19): [16, 7, 15, 19], (16, 11): [16, 10, 9, 1, 3, 2, 11]}
454: {(1, 16): [1, 9, 10, 16], (16, 19): [16, 7, 15, 19], (16, 11): [16, 10, 9, 1, 3, 2, 11]}
455: {(1, 16): [1, 9, 10, 16], (16, 19): [16, 7, 15, 19], (16, 11): [16, 10, 9, 1, 3, 2, 11]}
456: {(1, 16): [1, 9, 10, 16], (16, 19): [16, 7, 15, 19], (16, 11): [16, 10, 9, 1, 3, 2, 11]}
457: {(1, 16): [1, 9, 10, 16], (16, 19): [16, 7, 15, 19], (16, 11): [16, 10, 9, 1, 3, 2, 11]}
458: {(1, 16): [1, 9, 10, 16], (16, 19): [16, 7, 15, 19], (16, 11): [16, 10, 9, 1, 3, 2, 11]}
459: {(1, 16): [1, 9, 10, 16], (16, 19): [16, 7, 15, 19], (16, 11): [16, 10, 9, 1, 3, 2, 11]}
460: {(1, 16): [1, 9, 10, 16], (16, 19): [16, 7, 15, 19], (16, 11): [16, 10, 9, 1, 3, 2, 11]}
461: {(1, 16): [1, 9, 10, 16], (16, 19): [16, 7, 15, 19], (16, 11): [16, 10, 9, 1, 3, 2, 11]}
462: {(1, 16): [1, 9, 10, 16], (16, 19): [16, 7, 15, 19], (16, 11): [16, 10, 9, 1, 3, 2, 11]}
463: {(1, 16): [1, 9, 10, 16], (16, 19): [16, 7, 15, 19], (16, 11): [16, 10, 9, 1, 3, 2, 11]}
464: {(1, 16): [1, 9, 10, 16], (16, 19): [16, 7, 15, 19], (16, 11): [16, 10, 9, 1, 3, 2, 11]}
465: {(1, 16): [1, 9, 10, 16], (16, 19): [16, 7, 15, 19], (16, 11): [16, 10, 9, 1, 3, 2, 11]}
466: {(1, 16): [1, 9, 10, 16], (16, 19): [16, 7, 15, 19], (16, 11): [16, 10, 9, 1, 3, 2, 11]}
467: {(1, 16): [1, 9, 10, 16], (16, 19): [16, 7, 15, 19], (16, 11): [16, 10, 9, 1, 3, 2, 11]}
468: {(1, 16): [1, 9, 10, 16], (16, 19): [16, 7, 15, 19], (16, 11): [16, 10, 9, 1, 3, 2, 11]}
469: {(1, 16): [1, 9, 10, 16], (16, 19): [16, 7, 15, 19], (16, 11): [16, 10, 9, 1, 3, 2, 11]}
470: {(1, 16): [1, 9, 10, 16], (16, 19): [16, 7, 15, 19], (16, 11): [16, 10, 9, 1, 3, 2, 11]}
471: {(1, 16): [1, 9, 10, 16], (16, 19): [16, 7, 15, 19], (16, 11): [16, 10, 9, 1, 3, 2, 11]}
472: {(1, 16): [1, 9, 10, 16], (16, 19): [16, 7, 15, 19], (16, 11): [16, 10, 9, 1, 3, 2, 11]}
473: {(1, 16): [1, 9, 10, 16], (16, 19): [16, 7, 15, 19], (16, 11): [16, 10, 9, 1, 3, 2, 11]}
474: {(1, 16): [1, 9, 10, 16], (16, 19): [16, 7, 15, 19], (16, 11): [16, 10, 9, 1, 3, 2, 11]}
475: {(1, 16): [1, 9, 10, 16], (16, 19): [16, 7, 15, 19], (16, 11): [16, 10, 9, 1, 3, 2, 11]}
476: {(1, 16): [1, 9, 10, 16], (16, 19): [16, 7, 15, 19], (16, 11): [16, 10, 9, 1, 3, 2, 11]}
477: {(1, 16): [1, 9, 10, 16], (16, 19): [16, 7, 15, 19], (16, 11): [16, 10, 9, 1, 3, 2, 11]}
478: {(1, 16): [1, 9, 10, 16], (16, 19): [16, 7, 15, 19], (16, 11): [16, 10, 9, 1, 3, 2, 11]}
479: {(1, 16): [1, 9, 10, 16], (16, 19): [16, 7, 15, 19], (16, 11): [16, 10, 9, 1, 3, 2, 11]}
480: {(1, 16): [1, 9, 10, 16], (16, 19): [16, 7, 15, 19], (16, 11): [16, 10, 9, 1, 3, 2, 11]}
481: {(1, 16): [1, 9, 10, 16], (16, 19): [16, 7, 15, 19], (16, 11): [16, 10, 9, 1, 3, 2, 11]}
482: {(1, 16): [1, 9, 10, 16], (16, 19): [16, 7, 15, 19], (16, 11): [16, 10, 9, 1, 3, 2, 11]}
483: {(1, 16): [1, 9, 10, 16], (16, 19): [16, 7, 15, 19], (16, 11): [16, 10, 9, 1, 3, 2, 11]}
484: {(1, 16): [1, 9, 10, 16], (16, 19): [16, 7, 15, 19], (16, 11): [16, 10, 9, 1, 3, 2, 11]}
485: {(1, 16): [1, 9, 10, 16], (16, 19): [16, 7, 15, 19], (16, 11): [16, 10, 9, 1, 3, 2, 11]}
486: {(1, 16): [1, 9, 10, 16], (16, 19): [16, 7, 15, 19], (16, 11): [16, 10, 9, 1, 3, 2, 11]}
487: {(1, 16): [1, 9, 10, 16], (16, 19): [16, 7, 15, 19], (16, 11): [16, 10, 9, 1, 3, 2, 11]}
488: {(1, 16): [1, 9, 10, 16], (16, 19): [16, 7, 15, 19], (16, 11): [16, 10, 9, 1, 3, 2, 11]}
489: {(1, 16): [1, 9, 10, 16], (16, 19): [16, 7, 15, 19], (16, 11): [16, 10, 9, 1, 3, 2, 11]}
490: {(1, 16): [1, 9, 10, 16], (16, 19): [16, 7, 15, 19], (16, 11): [16, 10, 9, 1, 3, 2, 11]}
491: {(1, 16): [1, 9, 10, 16], (16, 19): [16, 7, 15, 19], (16, 11): [16, 10, 9, 1, 3, 2, 11]}
492: {(1, 16): [1, 9, 10, 16], (16, 19): [16, 7, 15, 19], (16, 11): [16, 10, 9, 1, 3, 2, 11]}
493: {(1, 16): [1, 9, 10, 16], (16, 19): [16, 7, 15, 19], (16, 11): [16, 10, 9, 1, 3, 2, 11]}
494: {(1, 16): [1, 9, 10, 16], (16, 19): [16, 7, 15, 19], (16, 11): [16, 10, 9, 1, 3, 2, 11]}
495: {(1, 16): [1, 9, 10, 16], (16, 19): [16, 7, 15, 19], (16, 11): [16, 10, 9, 1, 3, 2, 11]}
496: {(1, 16): [1, 9, 10, 16], (16, 19): [16, 7, 15, 19], (16, 11): [16, 10, 9, 1, 3, 2, 11]}
497: {(1, 16): [1, 9, 10, 16], (16, 19): [16, 7, 15, 19], (16, 11): [16, 10, 9, 1, 3, 2, 11]}
498: {(1, 16): [1, 9, 10, 16], (16, 19): [16, 7, 15, 19], (16, 11): [16, 10, 9, 1, 3, 2, 11]}
499: {(1, 16): [1, 9, 10, 16], (16, 19): [16, 7, 15, 19], (16, 11): [16, 10, 9, 1, 3, 2, 11]}
500: {(1, 16): [1, 9, 10, 16], (16, 19): [16, 7, 15, 19], (16, 11): [16, 10, 9, 1, 3, 2, 11]}
501: {(1, 16): [1, 9, 10, 16], (16, 19): [16, 7, 15, 19], (16, 11): [16, 10, 9, 1, 3, 2, 11]}
502: {(1, 16): [1, 9, 10, 16], (16, 19): [16, 7, 15, 19], (16, 11): [16, 10, 9, 1, 3, 2, 11]}
503: {(1, 16): [1, 9, 10, 16], (16, 19): [16, 7, 15, 19], (16, 11): [16, 10, 9, 1, 3, 2, 11]}
504: {(1, 16): [1, 9, 10, 16], (16, 19): [16, 7, 15, 19], (16, 11): [16, 10, 9, 1, 3, 2, 11]}
505: {(1, 16): [1, 9, 10, 16], (16, 19): [16, 7, 15, 19], (16, 11): [16, 10, 9, 1, 3, 2, 11]}
506: {(1, 16): [1, 9, 10, 16], (16, 19): [16, 7, 15, 19], (16, 11): [16, 10, 9, 1, 3, 2, 11]}
507: {(1, 16): [1, 9, 10, 16], (16, 19): [16, 7, 15, 19], (16, 11): [16, 10, 9, 1, 3, 2, 11]}
508: {(1, 16): [1, 9, 10, 16], (16, 19): [16, 7, 15, 19], (16, 11): [16, 10, 9, 1, 3, 2, 11]}
509: {(1, 16): [1, 9, 10, 16], (16, 19): [16, 7, 15, 19], (16, 11): [16, 10, 9, 1, 3, 2, 11]}
510: {(1, 16): [1, 9, 10, 16], (16, 19): [16, 7, 15, 19], (16, 11): [16, 10, 9, 1, 3, 2, 11]}
511: {(1, 16): [1, 9, 10, 16], (16, 19): [16, 7, 15, 19], (16, 11): [16, 10, 9, 1, 3, 2, 11]}
512: {(1, 16): [1, 9, 10, 16], (16, 19): [16, 7, 15, 19], (16, 11): [16, 10, 9, 1, 3, 2, 11]}
513: {(1, 16): [1, 9, 10, 16], (16, 19): [16, 7, 15, 19], (16, 11): [16, 10, 9, 1, 3, 2, 11]}
514: {(1, 16): [1, 9, 10, 16], (16, 19): [16, 7, 15, 19], (16, 11): [16, 10, 9, 1, 3, 2, 11]}
515: {(1, 16): [1, 9, 10, 16], (16, 19): [16, 7, 15, 19], (16, 11): [16, 10, 9, 1, 3, 2, 11]}
516: {(1, 16): [1, 9, 10, 16], (16, 19): [16, 7, 15, 19], (16, 11): [16, 10, 9, 1, 3, 2, 11]}
517: {(1, 16): [1, 9, 10, 16], (16, 19): [16, 7, 15, 19], (16, 11): [16, 10, 9, 1, 3, 2, 11]}
518: {(1, 16): [1, 9, 10, 16], (16, 19): [16, 7, 15, 19], (16, 11): [16, 10, 9, 1, 3, 2, 11]}
519: {(1, 16): [1, 9, 10, 16], (16, 19): [16, 7, 15, 19], (16, 11): [16, 10, 9, 1, 3, 2, 11]}
520: {(1, 16): [1, 9, 10, 16], (16, 19): [16, 7, 15, 19], (16, 11): [16, 10, 9, 1, 3, 2, 11]}
521: {(1, 16): [1, 9, 10, 16], (16, 19): [16, 7, 15, 19], (16, 11): [16, 10, 9, 1, 3, 2, 11]}
522: {(1, 16): [1, 9, 10, 16], (16, 19): [16, 7, 15, 19], (16, 11): [16, 10, 9, 1, 3, 2, 11]}
523: {(1, 16): [1, 9, 10, 16], (16, 19): [16, 7, 15, 19], (16, 11): [16, 10, 9, 1, 3, 2, 11]}
524: {(1, 16): [1, 9, 10, 16], (16, 19): [16, 7, 15, 19], (16, 11): [16, 10, 9, 1, 3, 2, 11]}
525: {(1, 16): [1, 9, 10, 16], (16, 19): [16, 7, 15, 19], (16, 11): [16, 10, 9, 1, 3, 2, 11]}
526: {(1, 16): [1, 9, 10, 16], (16, 19): [16, 7, 15, 19], (16, 11): [16, 10, 9, 1, 3, 2, 11]}
527: {(1, 16): [1, 9, 10, 16], (16, 19): [16, 7, 15, 19], (16, 11): [16, 10, 9, 1, 3, 2, 11]}
528: {(1, 16): [1, 9, 10, 16], (16, 19): [16, 7, 15, 19], (16, 11): [16, 10, 9, 1, 3, 2, 11]}
529: {(1, 16): [1, 9, 10, 16], (16, 19): [16, 7, 15, 19], (16, 11): [16, 10, 9, 1, 3, 2, 11]}
530: {(1, 16): [1, 9, 10, 16], (16, 19): [16, 7, 15, 19], (16, 11): [16, 10, 9, 1, 3, 2, 11]}
531: {(1, 16): [1, 9, 10, 16], (16, 19): [16, 7, 15, 19], (16, 11): [16, 10, 9, 1, 3, 2, 11]}
532: {(1, 16): [1, 9, 10, 16], (16, 19): [16, 7, 15, 19], (16, 11): [16, 10, 9, 1, 3, 2, 11]}
533: {(1, 16): [1, 9, 10, 16], (16, 19): [16, 7, 15, 19], (16, 11): [16, 10, 9, 1, 3, 2, 11]}
534: {(1, 16): [1, 9, 10, 16], (16, 19): [16, 7, 15, 19], (16, 11): [16, 10, 9, 1, 3, 2, 11]}
535: {(1, 16): [1, 9, 10, 16], (16, 19): [16, 7, 15, 19], (16, 11): [16, 10, 9, 1, 3, 2, 11]}
536: {(1, 16): [1, 9, 10, 16], (16, 19): [16, 7, 15, 19], (16, 11): [16, 10, 9, 1, 3, 2, 11]}
537: {(1, 16): [1, 9, 10, 16], (16, 19): [16, 7, 15, 19], (16, 11): [16, 10, 9, 1, 3, 2, 11]}
538: {(1, 16): [1, 9, 10, 16], (16, 19): [16, 7, 15, 19], (16, 11): [16, 10, 9, 1, 3, 2, 11]}
539: {(1, 16): [1, 9, 10, 16], (16, 19): [16, 7, 15, 19], (16, 11): [16, 10, 9, 1, 3, 2, 11]}
540: {(1, 16): [1, 9, 10, 16], (16, 19): [16, 7, 15, 19], (16, 11): [16, 10, 9, 1, 3, 2, 11]}
541: {(1, 16): [1, 9, 10, 16], (16, 19): [16, 7, 15, 19], (16, 11): [16, 10, 9, 1, 3, 2, 11]}
542: {(1, 16): [1, 9, 10, 16], (16, 19): [16, 7, 15, 19], (16, 11): [16, 10, 9, 1, 3, 2, 11]}
543: {(1, 16): [1, 9, 10, 16], (16, 19): [16, 7, 15, 19], (16, 11): [16, 10, 9, 1, 3, 2, 11]}
544: {(1, 16): [1, 9, 10, 16], (16, 19): [16, 7, 15, 19], (16, 11): [16, 10, 9, 1, 3, 2, 11]}
545: {(1, 16): [1, 9, 10, 16], (16, 19): [16, 7, 15, 19], (16, 11): [16, 10, 9, 1, 3, 2, 11]}
546: {(1, 16): [1, 9, 10, 16], (16, 19): [16, 7, 15, 19], (16, 11): [16, 10, 9, 1, 3, 2, 11]}
547: {(1, 16): [1, 9, 10, 16], (16, 19): [16, 7, 15, 19], (16, 11): [16, 10, 9, 1, 3, 2, 11]}
548: {(1, 16): [1, 9, 10, 16], (16, 19): [16, 7, 15, 19], (16, 11): [16, 10, 9, 1, 3, 2, 11]}
549: {(1, 16): [1, 9, 10, 16], (16, 19): [16, 7, 15, 19], (16, 11): [16, 10, 9, 1, 3, 2, 11]}
550: {(1, 16): [1, 9, 10, 16], (16, 19): [16, 7, 15, 19], (16, 11): [16, 10, 9, 1, 3, 2, 11]}
551: {(1, 16): [1, 9, 10, 16], (16, 19): [16, 7, 15, 19], (16, 11): [16, 10, 9, 1, 3, 2, 11]}
552: {(1, 16): [1, 9, 10, 16], (16, 19): [16, 7, 15, 19], (16, 11): [16, 10, 9, 1, 3, 2, 11]}
553: {(1, 16): [1, 9, 10, 16], (16, 19): [16, 7, 15, 19], (16, 11): [16, 10, 9, 1, 3, 2, 11]}
554: {(1, 16): [1, 9, 10, 16], (16, 19): [16, 7, 15, 19], (16, 11): [16, 10, 9, 1, 3, 2, 11]}
555: {(1, 16): [1, 9, 10, 16], (16, 19): [16, 7, 15, 19], (16, 11): [16, 10, 9, 1, 3, 2, 11]}
556: {(1, 16): [1, 9, 10, 16], (16, 19): [16, 7, 15, 19], (16, 11): [16, 10, 9, 1, 3, 2, 11]}
557: {(1, 16): [1, 9, 10, 16], (16, 19): [16, 7, 15, 19], (16, 11): [16, 10, 9, 1, 3, 2, 11]}
558: {(1, 16): [1, 9, 10, 16], (16, 19): [16, 7, 15, 19], (16, 11): [16, 10, 9, 1, 3, 2, 11]}
559: {(1, 16): [1, 9, 10, 16], (16, 19): [16, 7, 15, 19], (16, 11): [16, 10, 9, 1, 3, 2, 11]}
560: {(1, 16): [1, 9, 10, 16], (16, 19): [16, 7, 15, 19], (16, 11): [16, 10, 9, 1, 3, 2, 11]}
561: {(1, 16): [1, 9, 10, 16], (16, 19): [16, 7, 15, 19], (16, 11): [16, 10, 9, 1, 3, 2, 11]}
562: {(1, 16): [1, 9, 10, 16], (16, 19): [16, 7, 15, 19], (16, 11): [16, 10, 9, 1, 3, 2, 11]}
563: {(1, 16): [1, 9, 10, 16], (16, 19): [16, 7, 15, 19], (16, 11): [16, 10, 9, 1, 3, 2, 11]}
564: {(1, 16): [1, 9, 10, 16], (16, 19): [16, 7, 15, 19], (16, 11): [16, 10, 9, 1, 3, 2, 11]}
565: {(1, 16): [1, 9, 10, 16], (16, 19): [16, 7, 15, 19], (16, 11): [16, 10, 9, 1, 3, 2, 11]}
566: {(1, 16): [1, 9, 10, 16], (16, 19): [16, 7, 15, 19], (16, 11): [16, 10, 9, 1, 3, 2, 11]}
567: {(1, 16): [1, 9, 10, 16], (16, 19): [16, 7, 15, 19], (16, 11): [16, 10, 9, 1, 3, 2, 11]}
568: {(1, 16): [1, 9, 10, 16], (16, 19): [16, 7, 15, 19], (16, 11): [16, 10, 9, 1, 3, 2, 11]}
569: {(1, 16): [1, 9, 10, 16], (16, 19): [16, 7, 15, 19], (16, 11): [16, 10, 9, 1, 3, 2, 11]}
570: {(1, 16): [1, 9, 10, 16], (16, 19): [16, 7, 15, 19], (16, 11): [16, 10, 9, 1, 3, 2, 11]}
571: {(1, 16): [1, 9, 10, 16], (16, 19): [16, 7, 15, 19], (16, 11): [16, 10, 9, 1, 3, 2, 11]}
572: {(1, 16): [1, 9, 10, 16], (16, 19): [16, 7, 15, 19], (16, 11): [16, 10, 9, 1, 3, 2, 11]}
573: {(1, 16): [1, 9, 10, 16], (16, 19): [16, 7, 15, 19], (16, 11): [16, 10, 9, 1, 3, 2, 11]}
574: {(1, 16): [1, 9, 10, 16], (16, 19): [16, 7, 15, 19], (16, 11): [16, 10, 9, 1, 3, 2, 11]}
575: {(1, 16): [1, 9, 10, 16], (16, 19): [16, 7, 15, 19], (16, 11): [16, 10, 9, 1, 3, 2, 11]}
576: {(1, 16): [1, 9, 10, 16], (16, 19): [16, 7, 15, 19], (16, 11): [16, 10, 9, 1, 3, 2, 11]}
577: {(1, 16): [1, 9, 10, 16], (16, 19): [16, 7, 15, 19], (16, 11): [16, 10, 9, 1, 3, 2, 11]}
578: {(1, 16): [1, 9, 10, 16], (16, 19): [16, 7, 15, 19], (16, 11): [16, 10, 9, 1, 3, 2, 11]}
579: {(1, 16): [1, 9, 10, 16], (16, 19): [16, 7, 15, 19], (16, 11): [16, 10, 9, 1, 3, 2, 11]}
580: {(1, 16): [1, 9, 10, 16], (16, 19): [16, 7, 15, 19], (16, 11): [16, 10, 9, 1, 3, 2, 11]}
581: {(1, 16): [1, 9, 10, 16], (16, 19): [16, 7, 15, 19], (16, 11): [16, 10, 9, 1, 3, 2, 11]}
582: {(1, 16): [1, 9, 10, 16], (16, 19): [16, 7, 15, 19], (16, 11): [16, 10, 9, 1, 3, 2, 11]}
583: {(1, 16): [1, 9, 10, 16], (16, 19): [16, 7, 15, 19], (16, 11): [16, 10, 9, 1, 3, 2, 11]}
584: {(1, 16): [1, 9, 10, 16], (16, 19): [16, 7, 15, 19], (16, 11): [16, 10, 9, 1, 3, 2, 11]}
585: {(1, 16): [1, 9, 10, 16], (16, 19): [16, 7, 15, 19], (16, 11): [16, 10, 9, 1, 3, 2, 11]}
586: {(1, 16): [1, 9, 10, 16], (16, 19): [16, 7, 15, 19], (16, 11): [16, 10, 9, 1, 3, 2, 11]}
587: {(1, 16): [1, 9, 10, 16], (16, 19): [16, 7, 15, 19], (16, 11): [16, 10, 9, 1, 3, 2, 11]}
588: {(1, 16): [1, 9, 10, 16], (16, 19): [16, 7, 15, 19], (16, 11): [16, 10, 9, 1, 3, 2, 11]}
589: {(1, 16): [1, 9, 10, 16], (16, 19): [16, 7, 15, 19], (16, 11): [16, 10, 9, 1, 3, 2, 11]}
590: {(1, 16): [1, 9, 10, 16], (16, 19): [16, 7, 15, 19], (16, 11): [16, 10, 9, 1, 3, 2, 11]}
591: {(1, 16): [1, 9, 10, 16], (16, 19): [16, 7, 15, 19], (16, 11): [16, 10, 9, 1, 3, 2, 11]}
592: {(1, 16): [1, 9, 10, 16], (16, 19): [16, 7, 15, 19], (16, 11): [16, 10, 9, 1, 3, 2, 11]}
593: {(1, 16): [1, 9, 10, 16], (16, 19): [16, 7, 15, 19], (16, 11): [16, 10, 9, 1, 3, 2, 11]}
594: {(1, 16): [1, 9, 10, 16], (16, 19): [16, 7, 15, 19], (16, 11): [16, 10, 9, 1, 3, 2, 11]}
595: {(1, 16): [1, 9, 10, 16], (16, 19): [16, 7, 15, 19], (16, 11): [16, 10, 9, 1, 3, 2, 11]}
596: {(1, 16): [1, 9, 10, 16], (16, 19): [16, 7, 15, 19], (16, 11): [16, 10, 9, 1, 3, 2, 11]}
597: {(1, 16): [1, 9, 10, 16], (16, 19): [16, 7, 15, 19], (16, 11): [16, 10, 9, 1, 3, 2, 11]}
598: {(1, 16): [1, 9, 10, 16], (16, 19): [16, 7, 15, 19], (16, 11): [16, 10, 9, 1, 3, 2, 11]}
599: {(1, 16): [1, 9, 10, 16], (16, 19): [16, 7, 15, 19], (16, 11): [16, 10, 9, 1, 3, 2, 11]}
600: {(1, 16): [1, 9, 10, 16], (16, 19): [16, 7, 15, 19], (16, 11): [16, 10, 9, 1, 3, 2, 11]}
601: {(1, 16): [1, 9, 10, 16], (16, 19): [16, 7, 15, 19], (16, 11): [16, 10, 9, 1, 3, 2, 11]}
602: {(1, 16): [1, 9, 10, 16], (16, 19): [16, 7, 15, 19], (16, 11): [16, 10, 9, 1, 3, 2, 11]}
603: {(1, 16): [1, 9, 10, 16], (16, 19): [16, 7, 15, 19], (16, 11): [16, 10, 9, 1, 3, 2, 11]}
604: {(1, 16): [1, 9, 10, 16], (16, 19): [16, 7, 15, 19], (16, 11): [16, 10, 9, 1, 3, 2, 11]}
605: {(1, 16): [1, 9, 10, 16], (16, 19): [16, 7, 15, 19], (16, 11): [16, 10, 9, 1, 3, 2, 11]}
606: {(1, 16): [1, 9, 10, 16], (16, 19): [16, 7, 15, 19], (16, 11): [16, 10, 9, 1, 3, 2, 11]}
607: {(1, 16): [1, 9, 10, 16], (16, 19): [16, 7, 15, 19], (16, 11): [16, 10, 9, 1, 3, 2, 11]}
608: {(1, 16): [1, 9, 10, 16], (16, 19): [16, 7, 15, 19], (16, 11): [16, 10, 9, 1, 3, 2, 11]}
609: {(1, 16): [1, 9, 10, 16], (16, 19): [16, 7, 15, 19], (16, 11): [16, 10, 9, 1, 3, 2, 11]}
610: {(1, 16): [1, 9, 10, 16], (16, 19): [16, 7, 15, 19], (16, 11): [16, 10, 9, 1, 3, 2, 11]}
611: {(1, 16): [1, 9, 10, 16], (16, 19): [16, 7, 15, 19], (16, 11): [16, 10, 9, 1, 3, 2, 11]}
612: {(1, 16): [1, 9, 10, 16], (16, 19): [16, 7, 15, 19], (16, 11): [16, 10, 9, 1, 3, 2, 11]}
613: {(1, 16): [1, 9, 10, 16], (16, 19): [16, 7, 15, 19], (16, 11): [16, 10, 9, 1, 3, 2, 11]}
614: {(1, 16): [1, 9, 10, 16], (16, 19): [16, 7, 15, 19], (16, 11): [16, 10, 9, 1, 3, 2, 11]}
615: {(1, 16): [1, 9, 10, 16], (16, 19): [16, 7, 15, 19], (16, 11): [16, 10, 9, 1, 3, 2, 11]}
616: {(1, 16): [1, 9, 10, 16], (16, 19): [16, 7, 15, 19], (16, 11): [16, 10, 9, 1, 3, 2, 11]}
617: {(1, 16): [1, 9, 10, 16], (16, 19): [16, 7, 15, 19], (16, 11): [16, 10, 9, 1, 3, 2, 11]}
618: {(1, 16): [1, 9, 10, 16], (16, 19): [16, 7, 15, 19], (16, 11): [16, 10, 9, 1, 3, 2, 11]}
619: {(1, 16): [1, 9, 10, 16], (16, 19): [16, 7, 15, 19], (16, 11): [16, 10, 9, 1, 3, 2, 11]}
620: {(1, 16): [1, 9, 10, 16], (16, 19): [16, 7, 15, 19], (16, 11): [16, 10, 9, 1, 3, 2, 11]}
621: {(1, 16): [1, 9, 10, 16], (16, 19): [16, 7, 15, 19], (16, 11): [16, 10, 9, 1, 3, 2, 11]}
622: {(1, 16): [1, 9, 10, 16], (16, 19): [16, 7, 15, 19], (16, 11): [16, 10, 9, 1, 3, 2, 11]}
623: {(1, 16): [1, 9, 10, 16], (16, 19): [16, 7, 15, 19], (16, 11): [16, 10, 9, 1, 3, 2, 11]}
624: {(1, 16): [1, 9, 10, 16], (16, 19): [16, 7, 15, 19], (16, 11): [16, 10, 9, 1, 3, 2, 11]}
625: {(1, 16): [1, 9, 10, 16], (16, 19): [16, 7, 15, 19], (16, 11): [16, 10, 9, 1, 3, 2, 11]}
626: {(1, 16): [1, 9, 10, 16], (16, 19): [16, 7, 15, 19], (16, 11): [16, 10, 9, 1, 3, 2, 11]}
627: {(1, 16): [1, 9, 10, 16], (16, 19): [16, 7, 15, 19], (16, 11): [16, 10, 9, 1, 3, 2, 11]}
628: {(1, 16): [1, 9, 10, 16], (16, 19): [16, 7, 15, 19], (16, 11): [16, 10, 9, 1, 3, 2, 11]}
629: {(1, 16): [1, 9, 10, 16], (16, 19): [16, 7, 15, 19], (16, 11): [16, 10, 9, 1, 3, 2, 11]}
630: {(1, 16): [1, 9, 10, 16], (16, 19): [16, 7, 15, 19], (16, 11): [16, 10, 9, 1, 3, 2, 11]}
631: {(1, 16): [1, 9, 10, 16], (16, 19): [16, 7, 15, 19], (16, 11): [16, 10, 9, 1, 3, 2, 11]}
632: {(1, 16): [1, 9, 10, 16], (16, 19): [16, 7, 15, 19], (16, 11): [16, 10, 9, 1, 3, 2, 11]}
633: {(1, 16): [1, 9, 10, 16], (16, 19): [16, 7, 15, 19], (16, 11): [16, 10, 9, 1, 3, 2, 11]}
634: {(1, 16): [1, 9, 10, 16], (16, 19): [16, 7, 15, 19], (16, 11): [16, 10, 9, 1, 3, 2, 11]}
635: {(1, 16): [1, 9, 10, 16], (16, 19): [16, 7, 15, 19], (16, 11): [16, 10, 9, 1, 3, 2, 11]}
636: {(1, 16): [1, 9, 10, 16], (16, 19): [16, 7, 15, 19], (16, 11): [16, 10, 9, 1, 3, 2, 11]}
637: {(1, 16): [1, 9, 10, 16], (16, 19): [16, 7, 15, 19], (16, 11): [16, 10, 9, 1, 3, 2, 11]}
638: {(1, 16): [1, 9, 10, 16], (16, 19): [16, 7, 15, 19], (16, 11): [16, 10, 9, 1, 3, 2, 11]}
639: {(1, 16): [1, 9, 10, 16], (16, 19): [16, 7, 15, 19], (16, 11): [16, 10, 9, 1, 3, 2, 11]}
640: {(1, 16): [1, 9, 10, 16], (16, 19): [16, 7, 15, 19], (16, 11): [16, 10, 9, 1, 3, 2, 11]}
641: {(1, 16): [1, 9, 10, 16], (16, 19): [16, 7, 15, 19], (16, 11): [16, 10, 9, 1, 3, 2, 11]}
642: {(1, 16): [1, 9, 10, 16], (16, 19): [16, 7, 15, 19], (16, 11): [16, 10, 9, 1, 3, 2, 11]}
643: {(1, 16): [1, 9, 10, 16], (16, 19): [16, 7, 15, 19], (16, 11): [16, 10, 9, 1, 3, 2, 11]}
644: {(1, 16): [1, 9, 10, 16], (16, 19): [16, 7, 15, 19], (16, 11): [16, 10, 9, 1, 3, 2, 11]}
645: {(1, 16): [1, 9, 10, 16], (16, 19): [16, 7, 15, 19], (16, 11): [16, 10, 9, 1, 3, 2, 11]}
646: {(1, 16): [1, 9, 10, 16], (16, 19): [16, 7, 15, 19], (16, 11): [16, 10, 9, 1, 3, 2, 11]}
647: {(1, 16): [1, 9, 10, 16], (16, 19): [16, 7, 15, 19], (16, 11): [16, 10, 9, 1, 3, 2, 11]}
648: {(1, 16): [1, 9, 10, 16], (16, 19): [16, 7, 15, 19], (16, 11): [16, 10, 9, 1, 3, 2, 11]}
649: {(1, 16): [1, 9, 10, 16], (16, 19): [16, 7, 15, 19], (16, 11): [16, 10, 9, 1, 3, 2, 11]}
650: {(1, 16): [1, 9, 10, 16], (16, 19): [16, 7, 15, 19], (16, 11): [16, 10, 9, 1, 3, 2, 11]}
651: {(1, 16): [1, 9, 10, 16], (16, 19): [16, 7, 15, 19], (16, 11): [16, 10, 9, 1, 3, 2, 11]}
652: {(1, 16): [1, 9, 10, 16], (16, 19): [16, 7, 15, 19], (16, 11): [16, 10, 9, 1, 3, 2, 11]}
653: {(1, 16): [1, 9, 10, 16], (16, 19): [16, 7, 15, 19], (16, 11): [16, 10, 9, 1, 3, 2, 11]}
654: {(1, 16): [1, 9, 10, 16], (16, 19): [16, 7, 15, 19], (16, 11): [16, 10, 9, 1, 3, 2, 11]}
655: {(1, 16): [1, 9, 10, 16], (16, 19): [16, 7, 15, 19], (16, 11): [16, 10, 9, 1, 3, 2, 11]}
656: {(1, 16): [1, 9, 10, 16], (16, 19): [16, 7, 15, 19], (16, 11): [16, 10, 9, 1, 3, 2, 11]}
657: {(1, 16): [1, 9, 10, 16], (16, 19): [16, 7, 15, 19], (16, 11): [16, 10, 9, 1, 3, 2, 11]}
658: {(1, 16): [1, 9, 10, 16], (16, 19): [16, 7, 15, 19], (16, 11): [16, 10, 9, 1, 3, 2, 11]}
659: {(1, 16): [1, 9, 10, 16], (16, 19): [16, 7, 15, 19], (16, 11): [16, 10, 9, 1, 3, 2, 11]}
660: {(1, 16): [1, 9, 10, 16], (16, 19): [16, 7, 15, 19], (16, 11): [16, 10, 9, 1, 3, 2, 11]}
661: {(1, 16): [1, 9, 10, 16], (16, 19): [16, 7, 15, 19], (16, 11): [16, 10, 9, 1, 3, 2, 11]}
662: {(1, 16): [1, 9, 10, 16], (16, 19): [16, 7, 15, 19], (16, 11): [16, 10, 9, 1, 3, 2, 11]}
663: {(1, 16): [1, 9, 10, 16], (16, 19): [16, 7, 15, 19], (16, 11): [16, 10, 9, 1, 3, 2, 11]}
664: {(1, 16): [1, 9, 10, 16], (16, 19): [16, 7, 15, 19], (16, 11): [16, 10, 9, 1, 3, 2, 11]}
665: {(1, 16): [1, 9, 10, 16], (16, 19): [16, 7, 15, 19], (16, 11): [16, 10, 9, 1, 3, 2, 11]}
666: {(1, 16): [1, 9, 10, 16], (16, 19): [16, 7, 15, 19], (16, 11): [16, 10, 9, 1, 3, 2, 11]}
667: {(1, 16): [1, 9, 10, 16], (16, 19): [16, 7, 15, 19], (16, 11): [16, 10, 9, 1, 3, 2, 11]}
668: {(1, 16): [1, 9, 10, 16], (16, 19): [16, 7, 15, 19], (16, 11): [16, 10, 9, 1, 3, 2, 11]}
669: {(1, 16): [1, 9, 10, 16], (16, 19): [16, 7, 15, 19], (16, 11): [16, 10, 9, 1, 3, 2, 11]}
670: {(1, 16): [1, 9, 10, 16], (16, 19): [16, 7, 15, 19], (16, 11): [16, 10, 9, 1, 3, 2, 11]}
671: {(1, 16): [1, 9, 10, 16], (16, 19): [16, 7, 15, 19], (16, 11): [16, 10, 9, 1, 3, 2, 11]}
672: {(1, 16): [1, 9, 10, 16], (16, 19): [16, 7, 15, 19], (16, 11): [16, 10, 9, 1, 3, 2, 11]}
673: {(1, 16): [1, 9, 10, 16], (16, 19): [16, 7, 15, 19], (16, 11): [16, 10, 9, 1, 3, 2, 11]}
674: {(1, 16): [1, 9, 10, 16], (16, 19): [16, 7, 15, 19], (16, 11): [16, 10, 9, 1, 3, 2, 11]}
675: {(1, 16): [1, 9, 10, 16], (16, 19): [16, 7, 15, 19], (16, 11): [16, 10, 9, 1, 3, 2, 11]}
676: {(1, 16): [1, 9, 10, 16], (16, 19): [16, 7, 15, 19], (16, 11): [16, 10, 9, 1, 3, 2, 11]}
677: {(1, 16): [1, 9, 10, 16], (16, 19): [16, 7, 15, 19], (16, 11): [16, 10, 9, 1, 3, 2, 11]}
678: {(1, 16): [1, 9, 10, 16], (16, 19): [16, 7, 15, 19], (16, 11): [16, 10, 9, 1, 3, 2, 11]}
679: {(1, 16): [1, 9, 10, 16], (16, 19): [16, 7, 15, 19], (16, 11): [16, 10, 9, 1, 3, 2, 11]}
680: {(1, 16): [1, 9, 10, 16], (16, 19): [16, 7, 15, 19], (16, 11): [16, 10, 9, 1, 3, 2, 11]}
681: {(1, 16): [1, 9, 10, 16], (16, 19): [16, 7, 15, 19], (16, 11): [16, 10, 9, 1, 3, 2, 11]}
682: {(1, 16): [1, 9, 10, 16], (16, 19): [16, 7, 15, 19], (16, 11): [16, 10, 9, 1, 3, 2, 11]}
683: {(1, 16): [1, 9, 10, 16], (16, 19): [16, 7, 15, 19], (16, 11): [16, 10, 9, 1, 3, 2, 11]}
684: {(1, 16): [1, 9, 10, 16], (16, 19): [16, 7, 15, 19], (16, 11): [16, 10, 9, 1, 3, 2, 11]}
685: {(1, 16): [1, 9, 10, 16], (16, 19): [16, 7, 15, 19], (16, 11): [16, 10, 9, 1, 3, 2, 11]}
686: {(1, 16): [1, 9, 10, 16], (16, 19): [16, 7, 15, 19], (16, 11): [16, 10, 9, 1, 3, 2, 11]}
687: {(1, 16): [1, 9, 10, 16], (16, 19): [16, 7, 15, 19], (16, 11): [16, 10, 9, 1, 3, 2, 11]}
688: {(1, 16): [1, 9, 10, 16], (16, 19): [16, 7, 15, 19], (16, 11): [16, 10, 9, 1, 3, 2, 11]}
689: {(1, 16): [1, 9, 10, 16], (16, 19): [16, 7, 15, 19], (16, 11): [16, 10, 9, 1, 3, 2, 11]}
690: {(1, 16): [1, 9, 10, 16], (16, 19): [16, 7, 15, 19], (16, 11): [16, 10, 9, 1, 3, 2, 11]}
691: {(1, 16): [1, 9, 10, 16], (16, 19): [16, 7, 15, 19], (16, 11): [16, 10, 9, 1, 3, 2, 11]}
692: {(1, 16): [1, 9, 10, 16], (16, 19): [16, 7, 15, 19], (16, 11): [16, 10, 9, 1, 3, 2, 11]}
693: {(1, 16): [1, 9, 10, 16], (16, 19): [16, 7, 15, 19], (16, 11): [16, 10, 9, 1, 3, 2, 11]}
694: {(1, 16): [1, 9, 10, 16], (16, 19): [16, 7, 15, 19], (16, 11): [16, 10, 9, 1, 3, 2, 11]}
695: {(1, 16): [1, 9, 10, 16], (16, 19): [16, 7, 15, 19], (16, 11): [16, 10, 9, 1, 3, 2, 11]}
696: {(1, 16): [1, 9, 10, 16], (16, 19): [16, 7, 15, 19], (16, 11): [16, 10, 9, 1, 3, 2, 11]}
697: {(1, 16): [1, 9, 10, 16], (16, 19): [16, 7, 15, 19], (16, 11): [16, 10, 9, 1, 3, 2, 11]}
698: {(1, 16): [1, 9, 10, 16], (16, 19): [16, 7, 15, 19], (16, 11): [16, 10, 9, 1, 3, 2, 11]}
699: {(1, 16): [1, 9, 10, 16], (16, 19): [16, 7, 15, 19], (16, 11): [16, 10, 9, 1, 3, 2, 11]}
700: {(1, 16): [1, 9, 10, 16], (16, 19): [16, 7, 15, 19], (16, 11): [16, 10, 9, 1, 3, 2, 11]}
701: {(1, 16): [1, 9, 10, 16], (16, 19): [16, 7, 15, 19], (16, 11): [16, 10, 9, 1, 3, 2, 11]}
702: {(1, 16): [1, 9, 10, 16], (16, 19): [16, 7, 15, 19], (16, 11): [16, 10, 9, 1, 3, 2, 11]}
703: {(1, 16): [1, 9, 10, 16], (16, 19): [16, 7, 15, 19], (16, 11): [16, 10, 9, 1, 3, 2, 11]}
704: {(1, 16): [1, 9, 10, 16], (16, 19): [16, 7, 15, 19], (16, 11): [16, 10, 9, 1, 3, 2, 11]}
705: {(1, 16): [1, 9, 10, 16], (16, 19): [16, 7, 15, 19], (16, 11): [16, 10, 9, 1, 3, 2, 11]}
706: {(1, 16): [1, 9, 10, 16], (16, 19): [16, 7, 15, 19], (16, 11): [16, 10, 9, 1, 3, 2, 11]}
707: {(1, 16): [1, 9, 10, 16], (16, 19): [16, 7, 15, 19], (16, 11): [16, 10, 9, 1, 3, 2, 11]}
708: {(1, 16): [1, 9, 10, 16], (16, 19): [16, 7, 15, 19], (16, 11): [16, 10, 9, 1, 3, 2, 11]}
709: {(1, 16): [1, 9, 10, 16], (16, 19): [16, 7, 15, 19], (16, 11): [16, 10, 9, 1, 3, 2, 11]}
710: {(1, 16): [1, 9, 10, 16], (16, 19): [16, 7, 15, 19], (16, 11): [16, 10, 9, 1, 3, 2, 11]}
711: {(1, 16): [1, 9, 10, 16], (16, 19): [16, 7, 15, 19], (16, 11): [16, 10, 9, 1, 3, 2, 11]}
712: {(1, 16): [1, 9, 10, 16], (16, 19): [16, 7, 15, 19], (16, 11): [16, 10, 9, 1, 3, 2, 11]}
713: {(1, 16): [1, 9, 10, 16], (16, 19): [16, 7, 15, 19], (16, 11): [16, 10, 9, 1, 3, 2, 11]}
714: {(1, 16): [1, 9, 10, 16], (16, 19): [16, 7, 15, 19], (16, 11): [16, 10, 9, 1, 3, 2, 11]}
715: {(1, 16): [1, 9, 10, 16], (16, 19): [16, 7, 15, 19], (16, 11): [16, 10, 9, 1, 3, 2, 11]}
716: {(1, 16): [1, 9, 10, 16], (16, 19): [16, 7, 15, 19], (16, 11): [16, 10, 9, 1, 3, 2, 11]}
717: {(1, 16): [1, 9, 10, 16], (16, 19): [16, 7, 15, 19], (16, 11): [16, 10, 9, 1, 3, 2, 11]}
718: {(1, 16): [1, 9, 10, 16], (16, 19): [16, 7, 15, 19], (16, 11): [16, 10, 9, 1, 3, 2, 11]}
719: {(1, 16): [1, 9, 10, 16], (16, 19): [16, 7, 15, 19], (16, 11): [16, 10, 9, 1, 3, 2, 11]}
720: {(1, 16): [1, 9, 10, 16], (16, 19): [16, 7, 15, 19], (16, 11): [16, 10, 9, 1, 3, 2, 11]}
721: {(1, 16): [1, 9, 10, 16], (16, 19): [16, 7, 15, 19], (16, 11): [16, 10, 9, 1, 3, 2, 11]}
722: {(1, 16): [1, 9, 10, 16], (16, 19): [16, 7, 15, 19], (16, 11): [16, 10, 9, 1, 3, 2, 11]}
723: {(1, 16): [1, 9, 10, 16], (16, 19): [16, 7, 15, 19], (16, 11): [16, 10, 9, 1, 3, 2, 11]}
724: {(1, 16): [1, 9, 10, 16], (16, 19): [16, 7, 15, 19], (16, 11): [16, 10, 9, 1, 3, 2, 11]}
725: {(1, 16): [1, 9, 10, 16], (16, 19): [16, 7, 15, 19], (16, 11): [16, 10, 9, 1, 3, 2, 11]}
726: {(1, 16): [1, 9, 10, 16], (16, 19): [16, 7, 15, 19], (16, 11): [16, 10, 9, 1, 3, 2, 11]}
727: {(1, 16): [1, 9, 10, 16], (16, 19): [16, 7, 15, 19], (16, 11): [16, 10, 9, 1, 3, 2, 11]}
728: {(1, 16): [1, 9, 10, 16], (16, 19): [16, 7, 15, 19], (16, 11): [16, 10, 9, 1, 3, 2, 11]}
729: {(1, 16): [1, 9, 10, 16], (16, 19): [16, 7, 15, 19], (16, 11): [16, 10, 9, 1, 3, 2, 11]}
730: {(1, 16): [1, 9, 10, 16], (16, 19): [16, 7, 15, 19], (16, 11): [16, 10, 9, 1, 3, 2, 11]}
731: {(1, 16): [1, 9, 10, 16], (16, 19): [16, 7, 15, 19], (16, 11): [16, 10, 9, 1, 3, 2, 11]}
732: {(1, 16): [1, 9, 10, 16], (16, 19): [16, 7, 15, 19], (16, 11): [16, 10, 9, 1, 3, 2, 11]}
733: {(1, 16): [1, 9, 10, 16], (16, 19): [16, 7, 15, 19], (16, 11): [16, 10, 9, 1, 3, 2, 11]}
734: {(1, 16): [1, 9, 10, 16], (16, 19): [16, 7, 15, 19], (16, 11): [16, 10, 9, 1, 3, 2, 11]}
735: {(1, 16): [1, 9, 10, 16], (16, 19): [16, 7, 15, 19], (16, 11): [16, 10, 9, 1, 3, 2, 11]}
736: {(1, 16): [1, 9, 10, 16], (16, 19): [16, 7, 15, 19], (16, 11): [16, 10, 9, 1, 3, 2, 11]}
737: {(1, 16): [1, 9, 10, 16], (16, 19): [16, 7, 15, 19], (16, 11): [16, 10, 9, 1, 3, 2, 11]}
738: {(1, 16): [1, 9, 10, 16], (16, 19): [16, 7, 15, 19], (16, 11): [16, 10, 9, 1, 3, 2, 11]}
739: {(1, 16): [1, 9, 10, 16], (16, 19): [16, 7, 15, 19], (16, 11): [16, 10, 9, 1, 3, 2, 11]}
740: {(1, 16): [1, 9, 10, 16], (16, 19): [16, 7, 15, 19], (16, 11): [16, 10, 9, 1, 3, 2, 11]}
741: {(1, 16): [1, 9, 10, 16], (16, 19): [16, 7, 15, 19], (16, 11): [16, 10, 9, 1, 3, 2, 11]}
742: {(1, 16): [1, 9, 10, 16], (16, 19): [16, 7, 15, 19], (16, 11): [16, 10, 9, 1, 3, 2, 11]}
743: {(1, 16): [1, 9, 10, 16], (16, 19): [16, 7, 15, 19], (16, 11): [16, 10, 9, 1, 3, 2, 11]}
744: {(1, 16): [1, 9, 10, 16], (16, 19): [16, 7, 15, 19], (16, 11): [16, 10, 9, 1, 3, 2, 11]}
745: {(1, 16): [1, 9, 10, 16], (16, 19): [16, 7, 15, 19], (16, 11): [16, 10, 9, 1, 3, 2, 11]}
746: {(1, 16): [1, 9, 10, 16], (16, 19): [16, 7, 15, 19], (16, 11): [16, 10, 9, 1, 3, 2, 11]}
747: {(1, 16): [1, 9, 10, 16], (16, 19): [16, 7, 15, 19], (16, 11): [16, 10, 9, 1, 3, 2, 11]}
748: {(1, 16): [1, 9, 10, 16], (16, 19): [16, 7, 15, 19], (16, 11): [16, 10, 9, 1, 3, 2, 11]}
749: {(1, 16): [1, 9, 10, 16], (16, 19): [16, 7, 15, 19], (16, 11): [16, 10, 9, 1, 3, 2, 11]}
750: {(1, 16): [1, 9, 10, 16], (16, 19): [16, 7, 15, 19], (16, 11): [16, 10, 9, 1, 3, 2, 11]}
751: {(1, 16): [1, 9, 10, 16], (16, 19): [16, 7, 15, 19], (16, 11): [16, 10, 9, 1, 3, 2, 11]}
752: {(1, 16): [1, 9, 10, 16], (16, 19): [16, 7, 15, 19], (16, 11): [16, 10, 9, 1, 3, 2, 11]}
753: {(1, 16): [1, 9, 10, 16], (16, 19): [16, 7, 15, 19], (16, 11): [16, 10, 9, 1, 3, 2, 11]}
754: {(1, 16): [1, 9, 10, 16], (16, 19): [16, 7, 15, 19], (16, 11): [16, 10, 9, 1, 3, 2, 11]}
755: {(1, 16): [1, 9, 10, 16], (16, 19): [16, 7, 15, 19], (16, 11): [16, 10, 9, 1, 3, 2, 11]}
756: {(1, 16): [1, 9, 10, 16], (16, 19): [16, 7, 15, 19], (16, 11): [16, 10, 9, 1, 3, 2, 11]}
757: {(1, 16): [1, 9, 10, 16], (16, 19): [16, 7, 15, 19], (16, 11): [16, 10, 9, 1, 3, 2, 11]}
758: {(1, 16): [1, 9, 10, 16], (16, 19): [16, 7, 15, 19], (16, 11): [16, 10, 9, 1, 3, 2, 11]}
759: {(1, 16): [1, 9, 10, 16], (16, 19): [16, 7, 15, 19], (16, 11): [16, 10, 9, 1, 3, 2, 11]}
760: {(1, 16): [1, 9, 10, 16], (16, 19): [16, 7, 15, 19], (16, 11): [16, 10, 9, 1, 3, 2, 11]}
761: {(1, 16): [1, 9, 10, 16], (16, 19): [16, 7, 15, 19], (16, 11): [16, 10, 9, 1, 3, 2, 11]}
762: {(1, 16): [1, 9, 10, 16], (16, 19): [16, 7, 15, 19], (16, 11): [16, 10, 9, 1, 3, 2, 11]}
763: {(1, 16): [1, 9, 10, 16], (16, 19): [16, 7, 15, 19], (16, 11): [16, 10, 9, 1, 3, 2, 11]}
764: {(1, 16): [1, 9, 10, 16], (16, 19): [16, 7, 15, 19], (16, 11): [16, 10, 9, 1, 3, 2, 11]}
765: {(1, 16): [1, 9, 10, 16], (16, 19): [16, 7, 15, 19], (16, 11): [16, 10, 9, 1, 3, 2, 11]}
766: {(1, 16): [1, 9, 10, 16], (16, 19): [16, 7, 15, 19], (16, 11): [16, 10, 9, 1, 3, 2, 11]}
767: {(1, 16): [1, 9, 10, 16], (16, 19): [16, 7, 15, 19], (16, 11): [16, 10, 9, 1, 3, 2, 11]}
768: {(1, 16): [1, 9, 10, 16], (16, 19): [16, 7, 15, 19], (16, 11): [16, 10, 9, 1, 3, 2, 11]}
769: {(1, 16): [1, 9, 10, 16], (16, 19): [16, 7, 15, 19], (16, 11): [16, 10, 9, 1, 3, 2, 11]}
770: {(1, 16): [1, 9, 10, 16], (16, 19): [16, 7, 15, 19], (16, 11): [16, 10, 9, 1, 3, 2, 11]}
771: {(1, 16): [1, 9, 10, 16], (16, 19): [16, 7, 15, 19], (16, 11): [16, 10, 9, 1, 3, 2, 11]}
772: {(1, 16): [1, 9, 10, 16], (16, 19): [16, 7, 15, 19], (16, 11): [16, 10, 9, 1, 3, 2, 11]}
773: {(1, 16): [1, 9, 10, 16], (16, 19): [16, 7, 15, 19], (16, 11): [16, 10, 9, 1, 3, 2, 11]}
774: {(1, 16): [1, 9, 10, 16], (16, 19): [16, 7, 15, 19], (16, 11): [16, 10, 9, 1, 3, 2, 11]}
775: {(1, 16): [1, 9, 10, 16], (16, 19): [16, 7, 15, 19], (16, 11): [16, 10, 9, 1, 3, 2, 11]}
776: {(1, 16): [1, 9, 10, 16], (16, 19): [16, 7, 15, 19], (16, 11): [16, 10, 9, 1, 3, 2, 11]}
777: {(1, 16): [1, 9, 10, 16], (16, 19): [16, 7, 15, 19], (16, 11): [16, 10, 9, 1, 3, 2, 11]}
778: {(1, 16): [1, 9, 10, 16], (16, 19): [16, 7, 15, 19], (16, 11): [16, 10, 9, 1, 3, 2, 11]}
779: {(1, 16): [1, 9, 10, 16], (16, 19): [16, 7, 15, 19], (16, 11): [16, 10, 9, 1, 3, 2, 11]}
780: {(1, 16): [1, 9, 10, 16], (16, 19): [16, 7, 15, 19], (16, 11): [16, 10, 9, 1, 3, 2, 11]}
781: {(1, 16): [1, 9, 10, 16], (16, 19): [16, 7, 15, 19], (16, 11): [16, 10, 9, 1, 3, 2, 11]}
782: {(1, 16): [1, 9, 10, 16], (16, 19): [16, 7, 15, 19], (16, 11): [16, 10, 9, 1, 3, 2, 11]}
783: {(1, 16): [1, 9, 10, 16], (16, 19): [16, 7, 15, 19], (16, 11): [16, 10, 9, 1, 3, 2, 11]}
784: {(1, 16): [1, 9, 10, 16], (16, 19): [16, 7, 15, 19], (16, 11): [16, 10, 9, 1, 3, 2, 11]}
785: {(1, 16): [1, 9, 10, 16], (16, 19): [16, 7, 15, 19], (16, 11): [16, 10, 9, 1, 3, 2, 11]}
786: {(1, 16): [1, 9, 10, 16], (16, 19): [16, 7, 15, 19], (16, 11): [16, 10, 9, 1, 3, 2, 11]}
787: {(1, 16): [1, 9, 10, 16], (16, 19): [16, 7, 15, 19], (16, 11): [16, 10, 9, 1, 3, 2, 11]}
788: {(1, 16): [1, 9, 10, 16], (16, 19): [16, 7, 15, 19], (16, 11): [16, 10, 9, 1, 3, 2, 11]}
789: {(1, 16): [1, 9, 10, 16], (16, 19): [16, 7, 15, 19], (16, 11): [16, 10, 9, 1, 3, 2, 11]}
790: {(1, 16): [1, 9, 10, 16], (16, 19): [16, 7, 15, 19], (16, 11): [16, 10, 9, 1, 3, 2, 11]}
791: {(1, 16): [1, 9, 10, 16], (16, 19): [16, 7, 15, 19], (16, 11): [16, 10, 9, 1, 3, 2, 11]}
792: {(1, 16): [1, 9, 10, 16], (16, 19): [16, 7, 15, 19], (16, 11): [16, 10, 9, 1, 3, 2, 11]}
793: {(1, 16): [1, 9, 10, 16], (16, 19): [16, 7, 15, 19], (16, 11): [16, 10, 9, 1, 3, 2, 11]}
794: {(1, 16): [1, 9, 10, 16], (16, 19): [16, 7, 15, 19], (16, 11): [16, 10, 9, 1, 3, 2, 11]}
795: {(1, 16): [1, 9, 10, 16], (16, 19): [16, 7, 15, 19], (16, 11): [16, 10, 9, 1, 3, 2, 11]}
796: {(1, 16): [1, 9, 10, 16], (16, 19): [16, 7, 15, 19], (16, 11): [16, 10, 9, 1, 3, 2, 11]}
797: {(1, 16): [1, 9, 10, 16], (16, 19): [16, 7, 15, 19], (16, 11): [16, 10, 9, 1, 3, 2, 11]}
798: {(1, 16): [1, 9, 10, 16], (16, 19): [16, 7, 15, 19], (16, 11): [16, 10, 9, 1, 3, 2, 11]}
799: {(1, 16): [1, 9, 10, 16], (16, 19): [16, 7, 15, 19], (16, 11): [16, 10, 9, 1, 3, 2, 11]}
800: {(1, 16): [1, 9, 10, 16], (16, 19): [16, 7, 15, 19], (16, 11): [16, 10, 9, 1, 3, 2, 11]}
801: {(1, 16): [1, 9, 10, 16], (16, 19): [16, 7, 15, 19], (16, 11): [16, 10, 9, 1, 3, 2, 11]}
802: {(1, 16): [1, 9, 10, 16], (16, 19): [16, 7, 15, 19], (16, 11): [16, 10, 9, 1, 3, 2, 11]}
803: {(1, 16): [1, 9, 10, 16], (16, 19): [16, 7, 15, 19], (16, 11): [16, 10, 9, 1, 3, 2, 11]}
804: {(1, 16): [1, 9, 10, 16], (16, 19): [16, 7, 15, 19], (16, 11): [16, 10, 9, 1, 3, 2, 11]}
805: {(1, 16): [1, 9, 10, 16], (16, 19): [16, 7, 15, 19], (16, 11): [16, 10, 9, 1, 3, 2, 11]}
806: {(1, 16): [1, 9, 10, 16], (16, 19): [16, 7, 15, 19], (16, 11): [16, 10, 9, 1, 3, 2, 11]}
807: {(1, 16): [1, 9, 10, 16], (16, 19): [16, 7, 15, 19], (16, 11): [16, 10, 9, 1, 3, 2, 11]}
808: {(1, 16): [1, 9, 10, 16], (16, 19): [16, 7, 15, 19], (16, 11): [16, 10, 9, 1, 3, 2, 11]}
809: {(1, 16): [1, 9, 10, 16], (16, 19): [16, 7, 15, 19], (16, 11): [16, 10, 9, 1, 3, 2, 11]}
810: {(1, 16): [1, 9, 10, 16], (16, 19): [16, 7, 15, 19], (16, 11): [16, 10, 9, 1, 3, 2, 11]}
811: {(1, 16): [1, 9, 10, 16], (16, 19): [16, 7, 15, 19], (16, 11): [16, 10, 9, 1, 3, 2, 11]}
812: {(1, 16): [1, 9, 10, 16], (16, 19): [16, 7, 15, 19], (16, 11): [16, 10, 9, 1, 3, 2, 11]}
813: {(1, 16): [1, 9, 10, 16], (16, 19): [16, 7, 15, 19], (16, 11): [16, 10, 9, 1, 3, 2, 11]}
814: {(1, 16): [1, 9, 10, 16], (16, 19): [16, 7, 15, 19], (16, 11): [16, 10, 9, 1, 3, 2, 11]}
815: {(1, 16): [1, 9, 10, 16], (16, 19): [16, 7, 15, 19], (16, 11): [16, 10, 9, 1, 3, 2, 11]}
816: {(1, 16): [1, 9, 10, 16], (16, 19): [16, 7, 15, 19], (16, 11): [16, 10, 9, 1, 3, 2, 11]}
817: {(1, 16): [1, 9, 10, 16], (16, 19): [16, 7, 15, 19], (16, 11): [16, 10, 9, 1, 3, 2, 11]}
818: {(1, 16): [1, 9, 10, 16], (16, 19): [16, 7, 15, 19], (16, 11): [16, 10, 9, 1, 3, 2, 11]}
819: {(1, 16): [1, 9, 10, 16], (16, 19): [16, 7, 15, 19], (16, 11): [16, 10, 9, 1, 3, 2, 11]}
820: {(1, 16): [1, 9, 10, 16], (16, 19): [16, 7, 15, 19], (16, 11): [16, 10, 9, 1, 3, 2, 11]}
821: {(1, 16): [1, 9, 10, 16], (16, 19): [16, 7, 15, 19], (16, 11): [16, 10, 9, 1, 3, 2, 11]}
822: {(1, 16): [1, 9, 10, 16], (16, 19): [16, 7, 15, 19], (16, 11): [16, 10, 9, 1, 3, 2, 11]}
823: {(1, 16): [1, 9, 10, 16], (16, 19): [16, 7, 15, 19], (16, 11): [16, 10, 9, 1, 3, 2, 11]}
824: {(1, 16): [1, 9, 10, 16], (16, 19): [16, 7, 15, 19], (16, 11): [16, 10, 9, 1, 3, 2, 11]}
825: {(1, 16): [1, 9, 10, 16], (16, 19): [16, 7, 15, 19], (16, 11): [16, 10, 9, 1, 3, 2, 11]}
826: {(1, 16): [1, 9, 10, 16], (16, 19): [16, 7, 15, 19], (16, 11): [16, 10, 9, 1, 3, 2, 11]}
827: {(1, 16): [1, 9, 10, 16], (16, 19): [16, 7, 15, 19], (16, 11): [16, 10, 9, 1, 3, 2, 11]}
828: {(1, 16): [1, 9, 10, 16], (16, 19): [16, 7, 15, 19], (16, 11): [16, 10, 9, 1, 3, 2, 11]}
829: {(1, 16): [1, 9, 10, 16], (16, 19): [16, 7, 15, 19], (16, 11): [16, 10, 9, 1, 3, 2, 11]}
830: {(1, 16): [1, 9, 10, 16], (16, 19): [16, 7, 15, 19], (16, 11): [16, 10, 9, 1, 3, 2, 11]}
831: {(1, 16): [1, 9, 10, 16], (16, 19): [16, 7, 15, 19], (16, 11): [16, 10, 9, 1, 3, 2, 11]}
832: {(1, 16): [1, 9, 10, 16], (16, 19): [16, 7, 15, 19], (16, 11): [16, 10, 9, 1, 3, 2, 11]}
833: {(1, 16): [1, 9, 10, 16], (16, 19): [16, 7, 15, 19], (16, 11): [16, 10, 9, 1, 3, 2, 11]}
834: {(1, 16): [1, 9, 10, 16], (16, 19): [16, 7, 15, 19], (16, 11): [16, 10, 9, 1, 3, 2, 11]}
835: {(1, 16): [1, 9, 10, 16], (16, 19): [16, 7, 15, 19], (16, 11): [16, 10, 9, 1, 3, 2, 11]}
836: {(1, 16): [1, 9, 10, 16], (16, 19): [16, 7, 15, 19], (16, 11): [16, 10, 9, 1, 3, 2, 11]}
837: {(1, 16): [1, 9, 10, 16], (16, 19): [16, 7, 15, 19], (16, 11): [16, 10, 9, 1, 3, 2, 11]}
838: {(1, 16): [1, 9, 10, 16], (16, 19): [16, 7, 15, 19], (16, 11): [16, 10, 9, 1, 3, 2, 11]}
839: {(1, 16): [1, 9, 10, 16], (16, 19): [16, 7, 15, 19], (16, 11): [16, 10, 9, 1, 3, 2, 11]}
840: {(1, 16): [1, 9, 10, 16], (16, 19): [16, 7, 15, 19], (16, 11): [16, 10, 9, 1, 3, 2, 11]}
841: {(1, 16): [1, 9, 10, 16], (16, 19): [16, 7, 15, 19], (16, 11): [16, 10, 9, 1, 3, 2, 11]}
842: {(1, 16): [1, 9, 10, 16], (16, 19): [16, 7, 15, 19], (16, 11): [16, 10, 9, 1, 3, 2, 11]}
843: {(1, 16): [1, 9, 10, 16], (16, 19): [16, 7, 15, 19], (16, 11): [16, 10, 9, 1, 3, 2, 11]}
844: {(1, 16): [1, 9, 10, 16], (16, 19): [16, 7, 15, 19], (16, 11): [16, 10, 9, 1, 3, 2, 11]}
845: {(1, 16): [1, 9, 10, 16], (16, 19): [16, 7, 15, 19], (16, 11): [16, 10, 9, 1, 3, 2, 11]}
846: {(1, 16): [1, 9, 10, 16], (16, 19): [16, 7, 15, 19], (16, 11): [16, 10, 9, 1, 3, 2, 11]}
847: {(1, 16): [1, 9, 10, 16], (16, 19): [16, 7, 15, 19], (16, 11): [16, 10, 9, 1, 3, 2, 11]}
848: {(1, 16): [1, 9, 10, 16], (16, 19): [16, 7, 15, 19], (16, 11): [16, 10, 9, 1, 3, 2, 11]}
849: {(1, 16): [1, 9, 10, 16], (16, 19): [16, 7, 15, 19], (16, 11): [16, 10, 9, 1, 3, 2, 11]}
850: {(1, 16): [1, 9, 10, 16], (16, 19): [16, 7, 15, 19], (16, 11): [16, 10, 9, 1, 3, 2, 11]}
851: {(1, 16): [1, 9, 10, 16], (16, 19): [16, 7, 15, 19], (16, 11): [16, 10, 9, 1, 3, 2, 11]}
852: {(1, 16): [1, 9, 10, 16], (16, 19): [16, 7, 15, 19], (16, 11): [16, 10, 9, 1, 3, 2, 11]}
853: {(1, 16): [1, 9, 10, 16], (16, 19): [16, 7, 15, 19], (16, 11): [16, 10, 9, 1, 3, 2, 11]}
854: {(1, 16): [1, 9, 10, 16], (16, 19): [16, 7, 15, 19], (16, 11): [16, 10, 9, 1, 3, 2, 11]}
855: {(1, 16): [1, 9, 10, 16], (16, 19): [16, 7, 15, 19], (16, 11): [16, 10, 9, 1, 3, 2, 11]}
856: {(1, 16): [1, 9, 10, 16], (16, 19): [16, 7, 15, 19], (16, 11): [16, 10, 9, 1, 3, 2, 11]}
857: {(1, 16): [1, 9, 10, 16], (16, 19): [16, 7, 15, 19], (16, 11): [16, 10, 9, 1, 3, 2, 11]}
858: {(1, 16): [1, 9, 10, 16], (16, 19): [16, 7, 15, 19], (16, 11): [16, 10, 9, 1, 3, 2, 11]}
859: {(1, 16): [1, 9, 10, 16], (16, 19): [16, 7, 15, 19], (16, 11): [16, 10, 9, 1, 3, 2, 11]}
860: {(1, 16): [1, 9, 10, 16], (16, 19): [16, 7, 15, 19], (16, 11): [16, 10, 9, 1, 3, 2, 11]}
861: {(1, 16): [1, 9, 10, 16], (16, 19): [16, 7, 15, 19], (16, 11): [16, 10, 9, 1, 3, 2, 11]}
862: {(1, 16): [1, 9, 10, 16], (16, 19): [16, 7, 15, 19], (16, 11): [16, 10, 9, 1, 3, 2, 11]}
863: {(1, 16): [1, 9, 10, 16], (16, 19): [16, 7, 15, 19], (16, 11): [16, 10, 9, 1, 3, 2, 11]}
864: {(1, 16): [1, 9, 10, 16], (16, 19): [16, 7, 15, 19], (16, 11): [16, 10, 9, 1, 3, 2, 11]}
865: {(1, 16): [1, 9, 10, 16], (16, 19): [16, 7, 15, 19], (16, 11): [16, 10, 9, 1, 3, 2, 11]}
866: {(1, 16): [1, 9, 10, 16], (16, 19): [16, 7, 15, 19], (16, 11): [16, 10, 9, 1, 3, 2, 11]}
867: {(1, 16): [1, 9, 10, 16], (16, 19): [16, 7, 15, 19], (16, 11): [16, 10, 9, 1, 3, 2, 11]}
868: {(1, 16): [1, 9, 10, 16], (16, 19): [16, 7, 15, 19], (16, 11): [16, 10, 9, 1, 3, 2, 11]}
869: {(1, 16): [1, 9, 10, 16], (16, 19): [16, 7, 15, 19], (16, 11): [16, 10, 9, 1, 3, 2, 11]}
870: {(1, 16): [1, 9, 10, 16], (16, 19): [16, 7, 15, 19], (16, 11): [16, 10, 9, 1, 3, 2, 11]}
871: {(1, 16): [1, 9, 10, 16], (16, 19): [16, 7, 15, 19], (16, 11): [16, 10, 9, 1, 3, 2, 11]}
872: {(1, 16): [1, 9, 10, 16], (16, 19): [16, 7, 15, 19], (16, 11): [16, 10, 9, 1, 3, 2, 11]}
873: {(1, 16): [1, 9, 10, 16], (16, 19): [16, 7, 15, 19], (16, 11): [16, 10, 9, 1, 3, 2, 11]}
874: {(1, 16): [1, 9, 10, 16], (16, 19): [16, 7, 15, 19], (16, 11): [16, 10, 9, 1, 3, 2, 11]}
875: {(1, 16): [1, 9, 10, 16], (16, 19): [16, 7, 15, 19], (16, 11): [16, 10, 9, 1, 3, 2, 11]}
876: {(1, 16): [1, 9, 10, 16], (16, 19): [16, 7, 15, 19], (16, 11): [16, 10, 9, 1, 3, 2, 11]}
877: {(1, 16): [1, 9, 10, 16], (16, 19): [16, 7, 15, 19], (16, 11): [16, 10, 9, 1, 3, 2, 11]}
878: {(1, 16): [1, 9, 10, 16], (16, 19): [16, 7, 15, 19], (16, 11): [16, 10, 9, 1, 3, 2, 11]}
879: {(1, 16): [1, 9, 10, 16], (16, 19): [16, 7, 15, 19], (16, 11): [16, 10, 9, 1, 3, 2, 11]}
880: {(1, 16): [1, 9, 10, 16], (16, 19): [16, 7, 15, 19], (16, 11): [16, 10, 9, 1, 3, 2, 11]}
881: {(1, 16): [1, 9, 10, 16], (16, 19): [16, 7, 15, 19], (16, 11): [16, 10, 9, 1, 3, 2, 11]}
882: {(1, 16): [1, 9, 10, 16], (16, 19): [16, 7, 15, 19], (16, 11): [16, 10, 9, 1, 3, 2, 11]}
883: {(1, 16): [1, 9, 10, 16], (16, 19): [16, 7, 15, 19], (16, 11): [16, 10, 9, 1, 3, 2, 11]}
884: {(1, 16): [1, 9, 10, 16], (16, 19): [16, 7, 15, 19], (16, 11): [16, 10, 9, 1, 3, 2, 11]}
885: {(1, 16): [1, 9, 10, 16], (16, 19): [16, 7, 15, 19], (16, 11): [16, 10, 9, 1, 3, 2, 11]}
886: {(1, 16): [1, 9, 10, 16], (16, 19): [16, 7, 15, 19], (16, 11): [16, 10, 9, 1, 3, 2, 11]}
887: {(1, 16): [1, 9, 10, 16], (16, 19): [16, 7, 15, 19], (16, 11): [16, 10, 9, 1, 3, 2, 11]}
888: {(1, 16): [1, 9, 10, 16], (16, 19): [16, 7, 15, 19], (16, 11): [16, 10, 9, 1, 3, 2, 11]}
889: {(1, 16): [1, 9, 10, 16], (16, 19): [16, 7, 15, 19], (16, 11): [16, 10, 9, 1, 3, 2, 11]}
890: {(1, 16): [1, 9, 10, 16], (16, 19): [16, 7, 15, 19], (16, 11): [16, 10, 9, 1, 3, 2, 11]}
891: {(1, 16): [1, 9, 10, 16], (16, 19): [16, 7, 15, 19], (16, 11): [16, 10, 9, 1, 3, 2, 11]}
892: {(1, 16): [1, 9, 10, 16], (16, 19): [16, 7, 15, 19], (16, 11): [16, 10, 9, 1, 3, 2, 11]}
893: {(1, 16): [1, 9, 10, 16], (16, 19): [16, 7, 15, 19], (16, 11): [16, 10, 9, 1, 3, 2, 11]}
894: {(1, 16): [1, 9, 10, 16], (16, 19): [16, 7, 15, 19], (16, 11): [16, 10, 9, 1, 3, 2, 11]}
895: {(1, 16): [1, 9, 10, 16], (16, 19): [16, 7, 15, 19], (16, 11): [16, 10, 9, 1, 3, 2, 11]}
896: {(1, 16): [1, 9, 10, 16], (16, 19): [16, 7, 15, 19], (16, 11): [16, 10, 9, 1, 3, 2, 11]}
897: {(1, 16): [1, 9, 10, 16], (16, 19): [16, 7, 15, 19], (16, 11): [16, 10, 9, 1, 3, 2, 11]}
898: {(1, 16): [1, 9, 10, 16], (16, 19): [16, 7, 15, 19], (16, 11): [16, 10, 9, 1, 3, 2, 11]}
899: {(1, 16): [1, 9, 10, 16], (16, 19): [16, 7, 15, 19], (16, 11): [16, 10, 9, 1, 3, 2, 11]}
900: {(1, 16): [1, 9, 10, 16], (16, 19): [16, 7, 15, 19], (16, 11): [16, 10, 9, 1, 3, 2, 11]}
901: {(1, 16): [1, 9, 10, 16], (16, 19): [16, 7, 15, 19], (16, 11): [16, 10, 9, 1, 3, 2, 11]}
902: {(1, 16): [1, 9, 10, 16], (16, 19): [16, 7, 15, 19], (16, 11): [16, 10, 9, 1, 3, 2, 11]}
903: {(1, 16): [1, 9, 10, 16], (16, 19): [16, 7, 15, 19], (16, 11): [16, 10, 9, 1, 3, 2, 11]}
904: {(1, 16): [1, 9, 10, 16], (16, 19): [16, 7, 15, 19], (16, 11): [16, 10, 9, 1, 3, 2, 11]}
905: {(1, 16): [1, 9, 10, 16], (16, 19): [16, 7, 15, 19], (16, 11): [16, 10, 9, 1, 3, 2, 11]}
906: {(1, 16): [1, 9, 10, 16], (16, 19): [16, 7, 15, 19], (16, 11): [16, 10, 9, 1, 3, 2, 11]}
907: {(1, 16): [1, 9, 10, 16], (16, 19): [16, 7, 15, 19], (16, 11): [16, 10, 9, 1, 3, 2, 11]}
908: {(1, 16): [1, 9, 10, 16], (16, 19): [16, 7, 15, 19], (16, 11): [16, 10, 9, 1, 3, 2, 11]}
909: {(1, 16): [1, 9, 10, 16], (16, 19): [16, 7, 15, 19], (16, 11): [16, 10, 9, 1, 3, 2, 11]}
910: {(1, 16): [1, 9, 10, 16], (16, 19): [16, 7, 15, 19], (16, 11): [16, 10, 9, 1, 3, 2, 11]}
911: {(1, 16): [1, 9, 10, 16], (16, 19): [16, 7, 15, 19], (16, 11): [16, 10, 9, 1, 3, 2, 11]}
912: {(1, 16): [1, 9, 10, 16], (16, 19): [16, 7, 15, 19], (16, 11): [16, 10, 9, 1, 3, 2, 11]}
913: {(1, 16): [1, 9, 10, 16], (16, 19): [16, 7, 15, 19], (16, 11): [16, 10, 9, 1, 3, 2, 11]}
914: {(1, 16): [1, 9, 10, 16], (16, 19): [16, 7, 15, 19], (16, 11): [16, 10, 9, 1, 3, 2, 11]}
915: {(1, 16): [1, 9, 10, 16], (16, 19): [16, 7, 15, 19], (16, 11): [16, 10, 9, 1, 3, 2, 11]}
916: {(1, 16): [1, 9, 10, 16], (16, 19): [16, 7, 15, 19], (16, 11): [16, 10, 9, 1, 3, 2, 11]}
917: {(1, 16): [1, 9, 10, 16], (16, 19): [16, 7, 15, 19], (16, 11): [16, 10, 9, 1, 3, 2, 11]}
918: {(1, 16): [1, 9, 10, 16], (16, 19): [16, 7, 15, 19], (16, 11): [16, 10, 9, 1, 3, 2, 11]}
919: {(1, 16): [1, 9, 10, 16], (16, 19): [16, 7, 15, 19], (16, 11): [16, 10, 9, 1, 3, 2, 11]}
920: {(1, 16): [1, 9, 10, 16], (16, 19): [16, 7, 15, 19], (16, 11): [16, 10, 9, 1, 3, 2, 11]}
921: {(1, 16): [1, 9, 10, 16], (16, 19): [16, 7, 15, 19], (16, 11): [16, 10, 9, 1, 3, 2, 11]}
922: {(1, 16): [1, 9, 10, 16], (16, 19): [16, 7, 15, 19], (16, 11): [16, 10, 9, 1, 3, 2, 11]}
923: {(1, 16): [1, 9, 10, 16], (16, 19): [16, 7, 15, 19], (16, 11): [16, 10, 9, 1, 3, 2, 11]}
924: {(1, 16): [1, 9, 10, 16], (16, 19): [16, 7, 15, 19], (16, 11): [16, 10, 9, 1, 3, 2, 11]}
925: {(1, 16): [1, 9, 10, 16], (16, 19): [16, 7, 15, 19], (16, 11): [16, 10, 9, 1, 3, 2, 11]}
926: {(1, 16): [1, 9, 10, 16], (16, 19): [16, 7, 15, 19], (16, 11): [16, 10, 9, 1, 3, 2, 11]}
927: {(1, 16): [1, 9, 10, 16], (16, 19): [16, 7, 15, 19], (16, 11): [16, 10, 9, 1, 3, 2, 11]}
928: {(1, 16): [1, 9, 10, 16], (16, 19): [16, 7, 15, 19], (16, 11): [16, 10, 9, 1, 3, 2, 11]}
929: {(1, 16): [1, 9, 10, 16], (16, 19): [16, 7, 15, 19], (16, 11): [16, 10, 9, 1, 3, 2, 11]}
930: {(1, 16): [1, 9, 10, 16], (16, 19): [16, 7, 15, 19], (16, 11): [16, 10, 9, 1, 3, 2, 11]}
931: {(1, 16): [1, 9, 10, 16], (16, 19): [16, 7, 15, 19], (16, 11): [16, 10, 9, 1, 3, 2, 11]}
932: {(1, 16): [1, 9, 10, 16], (16, 19): [16, 7, 15, 19], (16, 11): [16, 10, 9, 1, 3, 2, 11]}
933: {(1, 16): [1, 9, 10, 16], (16, 19): [16, 7, 15, 19], (16, 11): [16, 10, 9, 1, 3, 2, 11]}
934: {(1, 16): [1, 9, 10, 16], (16, 19): [16, 7, 15, 19], (16, 11): [16, 10, 9, 1, 3, 2, 11]}
935: {(1, 16): [1, 9, 10, 16], (16, 19): [16, 7, 15, 19], (16, 11): [16, 10, 9, 1, 3, 2, 11]}
936: {(1, 16): [1, 9, 10, 16], (16, 19): [16, 7, 15, 19], (16, 11): [16, 10, 9, 1, 3, 2, 11]}
937: {(1, 16): [1, 9, 10, 16], (16, 19): [16, 7, 15, 19], (16, 11): [16, 10, 9, 1, 3, 2, 11]}
938: {(1, 16): [1, 9, 10, 16], (16, 19): [16, 7, 15, 19], (16, 11): [16, 10, 9, 1, 3, 2, 11]}
939: {(1, 16): [1, 9, 10, 16], (16, 19): [16, 7, 15, 19], (16, 11): [16, 10, 9, 1, 3, 2, 11]}
940: {(1, 16): [1, 9, 10, 16], (16, 19): [16, 7, 15, 19], (16, 11): [16, 10, 9, 1, 3, 2, 11]}
941: {(1, 16): [1, 9, 10, 16], (16, 19): [16, 7, 15, 19], (16, 11): [16, 10, 9, 1, 3, 2, 11]}
942: {(1, 16): [1, 9, 10, 16], (16, 19): [16, 7, 15, 19], (16, 11): [16, 10, 9, 1, 3, 2, 11]}
943: {(1, 16): [1, 9, 10, 16], (16, 19): [16, 7, 15, 19], (16, 11): [16, 10, 9, 1, 3, 2, 11]}
944: {(1, 16): [1, 9, 10, 16], (16, 19): [16, 7, 15, 19], (16, 11): [16, 10, 9, 1, 3, 2, 11]}
945: {(1, 16): [1, 9, 10, 16], (16, 19): [16, 7, 15, 19], (16, 11): [16, 10, 9, 1, 3, 2, 11]}
946: {(1, 16): [1, 9, 10, 16], (16, 19): [16, 7, 15, 19], (16, 11): [16, 10, 9, 1, 3, 2, 11]}
947: {(1, 16): [1, 9, 10, 16], (16, 19): [16, 7, 15, 19], (16, 11): [16, 10, 9, 1, 3, 2, 11]}
948: {(1, 16): [1, 9, 10, 16], (16, 19): [16, 7, 15, 19], (16, 11): [16, 10, 9, 1, 3, 2, 11]}
949: {(1, 16): [1, 9, 10, 16], (16, 19): [16, 7, 15, 19], (16, 11): [16, 10, 9, 1, 3, 2, 11]}
950: {(1, 16): [1, 9, 10, 16], (16, 19): [16, 7, 15, 19], (16, 11): [16, 10, 9, 1, 3, 2, 11]}
951: {(1, 16): [1, 9, 10, 16], (16, 19): [16, 7, 15, 19], (16, 11): [16, 10, 9, 1, 3, 2, 11]}
952: {(1, 16): [1, 9, 10, 16], (16, 19): [16, 7, 15, 19], (16, 11): [16, 10, 9, 1, 3, 2, 11]}
953: {(1, 16): [1, 9, 10, 16], (16, 19): [16, 7, 15, 19], (16, 11): [16, 10, 9, 1, 3, 2, 11]}
954: {(1, 16): [1, 9, 10, 16], (16, 19): [16, 7, 15, 19], (16, 11): [16, 10, 9, 1, 3, 2, 11]}
955: {(1, 16): [1, 9, 10, 16], (16, 19): [16, 7, 15, 19], (16, 11): [16, 10, 9, 1, 3, 2, 11]}
956: {(1, 16): [1, 9, 10, 16], (16, 19): [16, 7, 15, 19], (16, 11): [16, 10, 9, 1, 3, 2, 11]}
957: {(1, 16): [1, 9, 10, 16], (16, 19): [16, 7, 15, 19], (16, 11): [16, 10, 9, 1, 3, 2, 11]}
958: {(1, 16): [1, 9, 10, 16], (16, 19): [16, 7, 15, 19], (16, 11): [16, 10, 9, 1, 3, 2, 11]}
959: {(1, 16): [1, 9, 10, 16], (16, 19): [16, 7, 15, 19], (16, 11): [16, 10, 9, 1, 3, 2, 11]}
960: {(1, 16): [1, 9, 10, 16], (16, 19): [16, 7, 15, 19], (16, 11): [16, 10, 9, 1, 3, 2, 11]}
961: {(1, 16): [1, 9, 10, 16], (16, 19): [16, 7, 15, 19], (16, 11): [16, 10, 9, 1, 3, 2, 11]}
962: {(1, 16): [1, 9, 10, 16], (16, 19): [16, 7, 15, 19], (16, 11): [16, 10, 9, 1, 3, 2, 11]}
963: {(1, 16): [1, 9, 10, 16], (16, 19): [16, 7, 15, 19], (16, 11): [16, 10, 9, 1, 3, 2, 11]}
964: {(1, 16): [1, 9, 10, 16], (16, 19): [16, 7, 15, 19], (16, 11): [16, 10, 9, 1, 3, 2, 11]}
965: {(1, 16): [1, 9, 10, 16], (16, 19): [16, 7, 15, 19], (16, 11): [16, 10, 9, 1, 3, 2, 11]}
966: {(1, 16): [1, 9, 10, 16], (16, 19): [16, 7, 15, 19], (16, 11): [16, 10, 9, 1, 3, 2, 11]}
967: {(1, 16): [1, 9, 10, 16], (16, 19): [16, 7, 15, 19], (16, 11): [16, 10, 9, 1, 3, 2, 11]}
968: {(1, 16): [1, 9, 10, 16], (16, 19): [16, 7, 15, 19], (16, 11): [16, 10, 9, 1, 3, 2, 11]}
969: {(1, 16): [1, 9, 10, 16], (16, 19): [16, 7, 15, 19], (16, 11): [16, 10, 9, 1, 3, 2, 11]}
970: {(1, 16): [1, 9, 10, 16], (16, 19): [16, 7, 15, 19], (16, 11): [16, 10, 9, 1, 3, 2, 11]}
971: {(1, 16): [1, 9, 10, 16], (16, 19): [16, 7, 15, 19], (16, 11): [16, 10, 9, 1, 3, 2, 11]}
972: {(1, 16): [1, 9, 10, 16], (16, 19): [16, 7, 15, 19], (16, 11): [16, 10, 9, 1, 3, 2, 11]}
973: {(1, 16): [1, 9, 10, 16], (16, 19): [16, 7, 15, 19], (16, 11): [16, 10, 9, 1, 3, 2, 11]}
974: {(1, 16): [1, 9, 10, 16], (16, 19): [16, 7, 15, 19], (16, 11): [16, 10, 9, 1, 3, 2, 11]}
975: {(1, 16): [1, 9, 10, 16], (16, 19): [16, 7, 15, 19], (16, 11): [16, 10, 9, 1, 3, 2, 11]}
976: {(1, 16): [1, 9, 10, 16], (16, 19): [16, 7, 15, 19], (16, 11): [16, 10, 9, 1, 3, 2, 11]}
977: {(1, 16): [1, 9, 10, 16], (16, 19): [16, 7, 15, 19], (16, 11): [16, 10, 9, 1, 3, 2, 11]}
978: {(1, 16): [1, 9, 10, 16], (16, 19): [16, 7, 15, 19], (16, 11): [16, 10, 9, 1, 3, 2, 11]}
979: {(1, 16): [1, 9, 10, 16], (16, 19): [16, 7, 15, 19], (16, 11): [16, 10, 9, 1, 3, 2, 11]}
980: {(1, 16): [1, 9, 10, 16], (16, 19): [16, 7, 15, 19], (16, 11): [16, 10, 9, 1, 3, 2, 11]}
981: {(1, 16): [1, 9, 10, 16], (16, 19): [16, 7, 15, 19], (16, 11): [16, 10, 9, 1, 3, 2, 11]}
982: {(1, 16): [1, 9, 10, 16], (16, 19): [16, 7, 15, 19], (16, 11): [16, 10, 9, 1, 3, 2, 11]}
983: {(1, 16): [1, 9, 10, 16], (16, 19): [16, 7, 15, 19], (16, 11): [16, 10, 9, 1, 3, 2, 11]}
984: {(1, 16): [1, 9, 10, 16], (16, 19): [16, 7, 15, 19], (16, 11): [16, 10, 9, 1, 3, 2, 11]}
985: {(1, 16): [1, 9, 10, 16], (16, 19): [16, 7, 15, 19], (16, 11): [16, 10, 9, 1, 3, 2, 11]}
986: {(1, 16): [1, 9, 10, 16], (16, 19): [16, 7, 15, 19], (16, 11): [16, 10, 9, 1, 3, 2, 11]}
987: {(1, 16): [1, 9, 10, 16], (16, 19): [16, 7, 15, 19], (16, 11): [16, 10, 9, 1, 3, 2, 11]}
988: {(1, 16): [1, 9, 10, 16], (16, 19): [16, 7, 15, 19], (16, 11): [16, 10, 9, 1, 3, 2, 11]}
989: {(1, 16): [1, 9, 10, 16], (16, 19): [16, 7, 15, 19], (16, 11): [16, 10, 9, 1, 3, 2, 11]}
990: {(1, 16): [1, 9, 10, 16], (16, 19): [16, 7, 15, 19], (16, 11): [16, 10, 9, 1, 3, 2, 11]}
991: {(1, 16): [1, 9, 10, 16], (16, 19): [16, 7, 15, 19], (16, 11): [16, 10, 9, 1, 3, 2, 11]}
992: {(1, 16): [1, 9, 10, 16], (16, 19): [16, 7, 15, 19], (16, 11): [16, 10, 9, 1, 3, 2, 11]}
993: {(1, 16): [1, 9, 10, 16], (16, 19): [16, 7, 15, 19], (16, 11): [16, 10, 9, 1, 3, 2, 11]}
994: {(1, 16): [1, 9, 10, 16], (16, 19): [16, 7, 15, 19], (16, 11): [16, 10, 9, 1, 3, 2, 11]}
995: {(1, 16): [1, 9, 10, 16], (16, 19): [16, 7, 15, 19], (16, 11): [16, 10, 9, 1, 3, 2, 11]}
996: {(1, 16): [1, 9, 10, 16], (16, 19): [16, 7, 15, 19], (16, 11): [16, 10, 9, 1, 3, 2, 11]}
997: {(1, 16): [1, 9, 10, 16], (16, 19): [16, 7, 15, 19], (16, 11): [16, 10, 9, 1, 3, 2, 11]}
998: {(1, 16): [1, 9, 10, 16], (16, 19): [16, 7, 15, 19], (16, 11): [16, 10, 9, 1, 3, 2, 11]}
999: {(1, 16): [1, 9, 10, 16], (16, 19): [16, 7, 15, 19], (16, 11): [16, 10, 9, 1, 3, 2, 11]}
