0	21.7379150390625	22.08858871459961
1	22.825275421142578	22.741497802734375
2	21.361465454101562	21.49935188293457
3	21.93651580810547	21.837051391601562
4	22.78065299987793	22.927207946777344
5	24.724502563476562	24.10252571105957
6	22.73279571533203	22.48169708251953
7	21.655275344848633	22.089500427246094
8	21.736181259155273	21.917770385742188
9	22.74260711669922	22.6937313079834
10	22.812236785888672	22.887909698486328
11	22.78585433959961	22.7015625
12	22.51532554626465	22.08713150024414
13	23.73963737487793	23.1108455657959
14	21.528457641601562	21.288646697998047
15	22.76090431213379	22.630531311035156
16	22.809980392456055	22.081676483154297
17	21.73483657836914	21.079099655151367
18	22.25981903076172	22.71155548095703
19	24.4967041015625	24.888463973999023
20	22.80614471435547	22.460346221923828
21	21.850236892700195	22.077054977416992
22	21.989431381225586	21.918598175048828
23	22.9698486328125	21.786405563354492
24	22.96133041381836	22.136138916015625
25	22.913673400878906	22.114395141601562
26	22.01675033569336	22.128082275390625
27	24.71686553955078	24.96157455444336
28	22.134990692138672	22.492198944091797
29	23.050500869750977	23.99909210205078
30	23.051578521728516	23.147737503051758
31	23.083053588867188	23.153915405273438
32	22.11286163330078	22.158506393432617
33	24.889318466186523	24.79212760925293
34	23.031822204589844	23.513355255126953
35	22.99530792236328	22.138721466064453
36	23.057998657226562	23.14037322998047
37	23.0821590423584	23.151268005371094
38	22.997852325439453	22.155424118041992
39	21.532085418701172	22.141822814941406
40	21.992332458496094	21.937644958496094
41	22.96233367919922	22.003355026245117
42	22.92340850830078	22.145191192626953
43	21.863536834716797	22.132829666137695
44	25.834104537963867	25.754274368286133
45	22.794692993164062	22.670974731445312
46	22.84905242919922	22.091869354248047
47	22.788883209228516	22.094226837158203
48	22.812963485717773	22.088985443115234
49	22.793624877929688	22.086536407470703
50	21.660205841064453	22.084280014038086
51	22.88938331604004	22.90993881225586
52	22.864864349365234	22.702882385253906
53	22.865753173828125	22.592430114746094
54	21.911989212036133	22.09587287902832
55	22.810562133789062	22.912981033325195
56	23.88921546936035	23.785678100585938
57	23.50531578063965	23.322589874267578
58	22.99376678466797	22.633928680419922
59	20.814189910888672	22.117191314697266
60	23.02029037475586	22.980005264282227
61	21.721588134765625	22.109771728515625
62	21.854049682617188	21.65984344482422
63	21.573322296142578	21.900482177734375
64	24.493541717529297	24.84233856201172
65	20.336444854736328	20.366323471069336
66	22.024002075195312	21.92044448852539
67	21.659019470214844	21.729206085205078
68	23.02895736694336	22.88214111328125
69	22.142051696777344	22.093780517578125
70	21.529708862304688	21.96620750427246
71	22.84021759033203	21.88425064086914
72	22.975204467773438	22.99839630126953
73	22.885530471801758	22.630971908569336
74	21.480484008789062	22.13567543029785
75	21.394615173339844	21.655763626098633
76	21.588218688964844	21.685705184936523
77	22.821582794189453	21.88658332824707
78	22.857152938842773	22.11754608154297
79	22.83559799194336	22.101564407348633
80	22.7512149810791	22.60079574584961
81	21.466291427612305	21.29779167175293
82	22.35918617248535	22.864971160888672
83	23.03156280517578	23.018157958984375
84	21.76639175415039	22.10943031311035
85	21.288209915161133	22.043359756469727
86	24.422088623046875	24.02012062072754
87	22.94781494140625	22.43670654296875
88	22.885540008544922	22.112098693847656
89	22.211959838867188	22.117862701416016
90	22.791606903076172	22.97751235961914
91	22.849414825439453	22.51615753173828
92	22.765289306640625	22.41988067626953
93	20.011276245117188	20.107906341552734
94	22.15930938720703	21.894559860229492
95	24.82680320739746	24.996292114257812
96	23.001020431518555	23.49789047241211
97	21.855621337890625	22.128894805908203
98	21.73485565185547	21.95874786376953
99	21.339393615722656	21.696237564086914
100	23.85936737060547	23.748640060424805
101	19.253345489501953	19.327499389648438
102	22.94722557067871	22.892934799194336
103	22.93020248413086	22.115646362304688
104	22.89316177368164	22.097286224365234
105	21.682632446289062	22.106626510620117
106	21.94257354736328	21.893665313720703
107	21.942272186279297	21.779932022094727
108	22.88633918762207	22.906389236450195
109	22.949275970458984	22.066646575927734
110	22.873340606689453	22.624879837036133
111	21.76736831665039	22.122058868408203
112	22.47698974609375	22.88523292541504
113	21.856327056884766	22.02922821044922
114	22.974159240722656	22.772022247314453
115	22.931201934814453	22.154682159423828
116	24.41038703918457	24.124557495117188
117	22.822628021240234	22.474021911621094
118	22.90363883972168	23.114513397216797
119	22.8678035736084	22.629501342773438
120	20.743759155273438	20.500414276123047
121	22.056554794311523	21.98544692993164
122	23.029817581176758	22.979415893554688
123	22.921327590942383	23.114280700683594
124	21.76116943359375	22.100902557373047
125	25.04031753540039	25.676361083984375
126	23.04647445678711	22.513954162597656
127	22.958402633666992	22.114212036132812
128	22.96514320373535	22.106897354125977
129	21.677120208740234	22.115158081054688
130	22.103694915771484	22.639385223388672
131	21.494979858398438	21.9631404876709
132	23.04233169555664	23.038997650146484
133	22.841161727905273	22.12272834777832
134	21.91820526123047	22.09566879272461
135	25.819496154785156	25.934614181518555
136	23.144569396972656	22.638484954833984
137	20.31175994873047	20.158065795898438
138	22.09445571899414	21.999691009521484
139	23.106037139892578	23.003110885620117
140	21.78297233581543	22.156383514404297
141	21.94791030883789	21.68328857421875
142	22.71991729736328	22.90372085571289
143	24.070497512817383	24.043176651000977
144	21.30498504638672	22.329914093017578
145	22.346345901489258	21.977903366088867
146	21.73717498779297	22.04343032836914
147	22.909435272216797	22.661312103271484
148	22.781269073486328	22.540645599365234
149	22.575550079345703	22.028114318847656
150	22.154769897460938	21.994714736938477
151	22.874439239501953	22.940635681152344
152	22.88372802734375	22.638042068481445
153	25.316696166992188	25.07311248779297
154	22.05257797241211	22.551624298095703
155	22.793312072753906	22.968549728393555
156	22.71918487548828	22.069732666015625
157	21.864248275756836	22.065105438232422
158	21.8043212890625	21.905773162841797
159	25.739425659179688	25.678476333618164
160	22.962631225585938	22.62301254272461
161	23.100723266601562	23.150251388549805
162	21.223350524902344	21.157615661621094
163	22.926170349121094	23.054462432861328
164	23.062557220458984	23.135164260864258
165	23.06102752685547	23.1624755859375
166	23.148550033569336	23.162918090820312
167	23.581544876098633	23.186279296875
168	18.593441009521484	18.890113830566406
169	18.562355041503906	18.908363342285156
170	17.877365112304688	17.827173233032227
171	19.040142059326172	19.500553131103516
172	18.987186431884766	19.897544860839844
173	19.061391830444336	19.887168884277344
174	21.311458587646484	21.892818450927734
175	21.785919189453125	21.786659240722656
176	19.24443244934082	19.99629020690918
177	18.60944366455078	19.87761688232422
178	24.09975814819336	24.60129165649414
179	18.976463317871094	19.681447982788086
180	23.076251983642578	23.862567901611328
181	21.870025634765625	22.103044509887695
182	21.62550163269043	21.708223342895508
183	19.513710021972656	19.811279296875
184	21.09351348876953	21.80517578125
185	21.09047508239746	21.50210952758789
186	19.527149200439453	20.262317657470703
187	23.046689987182617	22.856430053710938
188	21.954193115234375	22.043439865112305
189	22.81880760192871	22.862140655517578
190	22.938621520996094	23.011240005493164
191	22.931930541992188	23.027442932128906
192	23.10054588317871	23.02091407775879
193	23.952232360839844	23.09886932373047
194	22.36077117919922	22.252941131591797
195	22.452922821044922	22.892431259155273
196	22.30882453918457	22.0130558013916
197	22.909465789794922	23.016185760498047
198	22.448200225830078	22.082494735717773
199	20.055498123168945	20.014877319335938
200	23.07842254638672	22.842636108398438
201	23.051532745361328	22.10685157775879
202	22.652740478515625	22.124584197998047
203	23.20600700378418	23.075733184814453
204	23.072826385498047	22.880475997924805
205	22.684568405151367	23.142528533935547
206	22.269142150878906	22.022445678710938
207	22.940629959106445	23.856508255004883
208	22.982547760009766	23.102615356445312
209	21.190086364746094	21.108367919921875
210	22.450441360473633	21.99090576171875
211	21.068557739257812	20.92095184326172
212	25.666282653808594	24.779067993164062
213	22.58032989501953	22.62423324584961
214	19.841154098510742	20.03081512451172
215	22.124439239501953	21.827054977416992
216	25.024723052978516	24.89458465576172
217	22.35277557373047	22.427562713623047
218	21.593212127685547	21.81975746154785
219	22.60540008544922	22.65154266357422
220	22.429794311523438	21.957426071166992
221	21.98849105834961	21.914226531982422
222	22.640941619873047	22.789566040039062
223	23.90421485900879	23.16919708251953
224	22.639564514160156	22.162124633789062
225	22.993494033813477	22.940013885498047
226	22.904518127441406	22.034255981445312
227	23.03399085998535	23.04256248474121
228	21.669086456298828	22.040363311767578
229	26.191781997680664	25.5999755859375
230	22.199668884277344	22.571949005126953
231	21.96511459350586	21.96614646911621
232	21.722267150878906	21.940948486328125
233	22.07785415649414	22.657522201538086
234	19.56101417541504	20.055276489257812
235	21.425376892089844	21.879674911499023
236	22.6027774810791	22.646419525146484
237	21.634113311767578	21.08516502380371
238	19.86544418334961	20.028939819335938
239	22.133399963378906	21.964563369750977
