Index,Average_Reward
0,-0.06501190640249843
1,-1.0757024331486926
2,-0.802580333403745
3,-1.3759521183608947
4,-1.1123178571379704
5,-1.4383706469455992
6,-0.7706768212409177
7,-0.2786015956101758
8,-0.6196270374174379
9,-0.5664315131190139
10,-0.12931039820441823
11,-0.10924027363132222
12,-0.11736934577486648
13,0.03077880237328172
14,-0.3045877163629309
15,-0.2574458693043522
16,-0.0968855440960009
17,-0.2129789947829783
18,-0.23195489251809842
19,-0.021252383996920345
20,-0.020849025846345254
21,0.15615339133638084
22,0.08207931726230679
23,0.19515251411822598
24,0.15615339133638084
25,0.15615339133638084
26,0.15615339133638084
27,0.15615339133638084
28,0.15615339133638084
29,0.15615339133638084
30,0.15615339133638084
31,0.15615339133638084
32,0.11911635429934381
33,0.0017475853343232308
34,0.15615339133638084
35,0.15615339133638084
36,0.15615339133638084
37,0.19541180652191936
38,0.15615339133638084
39,0.23300233624763125
40,0.15615339133638084
41,0.15615339133638084
42,0.15615339133638084
43,0.19481344378370646
44,0.15615339133638084
45,0.15615339133638084
46,0.15615339133638084
47,0.15615339133638084
48,0.15615339133638084
49,0.15615339133638084
50,0.15615339133638084
51,0.15615339133638084
52,0.19457290816863052
53,0.15615339133638084
54,0.15615339133638084
55,0.15615339133638084
56,0.15615339133638084
57,0.15615339133638084
58,0.15615339133638084
59,0.15615339133638084
60,0.15615339133638084
61,0.15615339133638084
62,0.15615339133638084
63,0.15615339133638084
64,0.19541180652191936
65,0.15615339133638084
66,0.15615339133638084
67,0.15615339133638084
68,0.15615339133638084
69,0.1767627339631278
70,0.15615339133638084
71,0.15615339133638084
72,0.15615339133638084
73,0.15615339133638084
74,0.19278871851202883
75,0.15615339133638084
76,0.19434228380030563
77,0.15615339133638084
78,0.15615339133638084
79,0.15615339133638084
80,0.15615339133638084
81,0.15615339133638084
82,0.15615339133638084
83,0.15615339133638084
84,0.15615339133638084
85,0.15615339133638084
86,0.15615339133638084
87,0.15615339133638084
88,0.15615339133638084
89,0.15615339133638084
90,0.15615339133638084
91,0.15615339133638084
92,0.15615339133638084
93,0.15615339133638084
94,0.15615339133638084
95,0.15615339133638084
96,0.15615339133638084
97,0.19193846383048999
98,0.15615339133638084
99,0.15615339133638084
100,0.15615339133638084
101,0.15615339133638084
102,0.15615339133638084
103,0.15615339133638084
104,0.15615339133638084
105,0.15615339133638084
106,0.15615339133638084
107,0.15615339133638084
108,0.15615339133638084
109,0.15615339133638084
110,0.15615339133638084
111,0.15615339133638084
112,0.15615339133638084
113,0.15615339133638084
114,0.15615339133638084
115,0.19457290816863052
116,0.15615339133638084
117,0.15615339133638084
118,0.15615339133638084
119,0.15615339133638084
120,0.15615339133638084
121,0.15615339133638084
122,0.15615339133638084
123,0.15615339133638084
124,0.15615339133638084
125,0.15615339133638084
126,0.15615339133638084
127,0.17586785595766966
128,0.15615339133638084
129,0.15615339133638084
130,0.1767627339631278
131,0.15615339133638084
132,0.15615339133638084
133,0.15615339133638084
134,0.15615339133638084
135,0.15615339133638084
136,0.15615339133638084
137,0.15615339133638084
138,0.15615339133638084
139,0.15615339133638084
140,0.15615339133638084
141,0.15615339133638084
142,0.15615339133638084
143,0.15615339133638084
144,0.19457290816863052
145,0.15615339133638084
146,0.15615339133638084
147,0.15615339133638084
148,0.15615339133638084
149,0.15615339133638084
150,0.15615339133638084
151,0.15615339133638084
152,0.15615339133638084
153,0.15615339133638084
154,0.15615339133638084
155,0.15615339133638084
156,0.15615339133638084
157,0.15615339133638084
158,0.19481344378370646
159,0.15615339133638084
160,0.15615339133638084
161,0.15615339133638084
162,0.15615339133638084
163,0.15615339133638084
164,0.15615339133638084
165,0.15615339133638084
166,0.15615339133638084
167,0.15615339133638084
168,0.15615339133638084
169,0.15615339133638084
170,0.15615339133638084
171,0.15615339133638084
172,0.15615339133638084
173,0.17398729265472035
174,0.19457290816863052
175,0.15615339133638084
176,0.15615339133638084
177,0.15615339133638084
178,0.15615339133638084
179,0.15615339133638084
180,0.19457290816863052
181,0.15615339133638084
182,0.15615339133638084
183,0.15615339133638084
184,0.15615339133638084
185,0.15615339133638084
186,0.1755324070836291
187,0.15615339133638084
188,0.15615339133638084
189,0.15615339133638084
190,0.15615339133638084
191,0.15615339133638084
192,0.15615339133638084
193,0.17398729265472035
194,0.15615339133638084
195,0.15615339133638084
196,0.15615339133638084
197,0.1767627339631278
198,0.15615339133638084
199,0.15615339133638084
200,0.15615339133638084
201,0.21177191187324843
202,0.19481344378370646
203,0.15615339133638084
204,0.15615339133638084
205,0.15615339133638084
206,0.15615339133638084
207,0.15615339133638084
208,0.15615339133638084
209,0.19541180652191936
210,0.15615339133638084
211,0.15615339133638084
212,0.15615339133638084
213,0.15615339133638084
214,0.15615339133638084
215,0.15615339133638084
216,0.15615339133638084
217,0.15615339133638084
218,0.15615339133638084
219,0.15615339133638084
220,0.15615339133638084
221,0.15615339133638084
222,0.15615339133638084
223,0.15615339133638084
224,0.15615339133638084
225,0.15615339133638084
226,0.15615339133638084
227,0.15615339133638084
228,0.15615339133638084
229,0.15615339133638084
230,0.15615339133638084
231,0.15615339133638084
232,0.15615339133638084
233,0.15615339133638084
234,0.15615339133638084
235,0.15615339133638084
236,0.15615339133638084
237,0.1767627339631278
238,0.15615339133638084
239,0.15615339133638084
240,0.15615339133638084
241,0.15615339133638084
242,0.15615339133638084
243,0.15615339133638084
244,0.15615339133638084
245,0.15615339133638084
246,0.15615339133638084
247,0.15615339133638084
248,0.15615339133638084
249,0.15615339133638084
250,0.15615339133638084
251,0.15615339133638084
252,0.15615339133638084
253,0.15615339133638084
254,0.15615339133638084
255,0.19481344378370646
256,0.15615339133638084
257,0.15615339133638084
258,0.15615339133638084
259,0.15615339133638084
260,0.15615339133638084
261,0.15615339133638084
262,0.15615339133638084
263,0.1935634483689307
264,0.15615339133638084
265,0.19515251411822598
266,0.15615339133638084
267,0.15615339133638084
268,0.15615339133638084
269,0.15615339133638084
270,0.15615339133638084
271,0.15615339133638084
272,0.15615339133638084
273,0.15615339133638084
274,0.15615339133638084
275,0.15615339133638084
276,0.15615339133638084
277,0.1757253763934058
278,0.15615339133638084
279,0.1770980917622523
280,0.15615339133638084
281,0.15615339133638084
282,0.15615339133638084
283,0.19515251411822598
284,0.15615339133638084
285,0.15615339133638084
286,0.15615339133638084
287,0.15615339133638084
288,0.15615339133638084
289,0.15615339133638084
290,0.15615339133638084
291,0.15615339133638084
292,0.15615339133638084
293,0.15615339133638084
294,0.15615339133638084
295,0.15615339133638084
296,0.15615339133638084
297,0.15615339133638084
298,0.15615339133638084
299,0.15615339133638084
300,0.15615339133638084
301,0.15615339133638084
302,0.15615339133638084
303,0.15615339133638084
304,0.15615339133638084
305,0.19434228380030563
306,0.15615339133638084
307,0.15615339133638084
308,0.15615339133638084
309,0.15615339133638084
310,0.19515251411822598
311,0.15615339133638084
312,0.15615339133638084
313,0.19481344378370646
314,0.15615339133638084
315,0.15615339133638084
316,0.15615339133638084
317,0.15615339133638084
318,0.15615339133638084
319,0.15615339133638084
320,0.15615339133638084
321,0.15615339133638084
322,0.15615339133638084
323,0.15615339133638084
324,0.15615339133638084
325,0.15615339133638084
326,0.15615339133638084
327,0.19193846383048999
328,0.15615339133638084
329,0.15615339133638084
330,0.15615339133638084
331,0.15615339133638084
332,0.15615339133638084
333,0.15615339133638084
334,0.15615339133638084
335,0.19457290816863052
336,0.15615339133638084
337,0.15615339133638084
338,0.15615339133638084
339,0.15615339133638084
340,0.15615339133638084
341,0.15615339133638084
342,0.15615339133638084
343,0.15615339133638084
344,0.15615339133638084
345,0.15615339133638084
346,0.1757253763934058
347,0.15615339133638084
348,0.15615339133638084
349,0.17586785595766966
350,0.15615339133638084
351,0.15615339133638084
352,0.15615339133638084
353,0.15615339133638084
354,0.15615339133638084
355,0.15615339133638084
356,0.15615339133638084
357,0.15615339133638084
358,0.15615339133638084
359,0.15615339133638084
360,0.15615339133638084
361,0.15615339133638084
362,0.19541180652191936
363,0.15615339133638084
364,0.15615339133638084
365,0.15615339133638084
366,0.15615339133638084
367,0.15615339133638084
368,0.15615339133638084
369,0.15615339133638084
370,0.15615339133638084
371,0.15615339133638084
372,0.15615339133638084
373,0.15615339133638084
374,0.19457290816863052
375,0.15615339133638084
376,0.19457290816863052
377,0.1935634483689307
378,0.15615339133638084
379,0.15615339133638084
380,0.15615339133638084
381,0.15615339133638084
382,0.15615339133638084
383,0.15615339133638084
384,0.15615339133638084
385,0.15615339133638084
386,0.15615339133638084
387,0.15615339133638084
388,0.15615339133638084
389,0.15615339133638084
390,0.15615339133638084
391,0.1770980917622523
392,0.15615339133638084
393,0.15615339133638084
394,0.15615339133638084
395,0.15615339133638084
396,0.15615339133638084
397,0.15615339133638084
398,0.15615339133638084
399,0.15615339133638084
400,0.15615339133638084
401,0.15615339133638084
402,0.15615339133638084
403,0.15615339133638084
404,0.19515251411822598
405,0.15615339133638084
406,0.15615339133638084
407,0.15615339133638084
408,0.15615339133638084
409,0.15615339133638084
410,0.15615339133638084
411,0.15615339133638084
412,0.15615339133638084
413,0.15615339133638084
414,0.15615339133638084
415,0.15615339133638084
416,0.15615339133638084
417,0.15615339133638084
418,0.15615339133638084
419,0.15615339133638084
420,0.15615339133638084
421,0.15615339133638084
422,0.15615339133638084
423,0.15615339133638084
424,0.15615339133638084
425,0.15615339133638084
426,0.15615339133638084
427,0.15615339133638084
428,0.15615339133638084
429,0.15615339133638084
430,0.15615339133638084
431,0.15615339133638084
432,0.15615339133638084
433,0.1770980917622523
434,0.15615339133638084
435,0.15615339133638084
436,0.15615339133638084
437,0.15615339133638084
438,0.15615339133638084
439,0.15615339133638084
440,0.15615339133638084
441,0.15615339133638084
442,0.1935634483689307
443,0.15615339133638084
444,0.15615339133638084
445,0.15615339133638084
446,0.15615339133638084
447,0.15615339133638084
448,0.19434228380030563
449,0.15615339133638084
450,0.15615339133638084
451,0.15615339133638084
452,0.15615339133638084
453,0.1755324070836291
454,0.15615339133638084
455,0.15615339133638084
456,0.15615339133638084
457,0.15615339133638084
458,0.1755324070836291
459,0.15615339133638084
460,0.15615339133638084
461,0.15615339133638084
462,0.17398729265472035
463,0.15615339133638084
464,0.15615339133638084
465,0.1935634483689307
466,0.15615339133638084
467,0.15615339133638084
468,0.15615339133638084
469,0.19481344378370646
470,0.15615339133638084
471,0.1770980917622523
472,0.15615339133638084
473,0.15615339133638084
474,0.15615339133638084
475,0.15615339133638084
476,0.15615339133638084
477,0.15615339133638084
478,0.15615339133638084
479,0.19193846383048999
480,0.15615339133638084
481,0.15615339133638084
482,0.19481344378370646
483,0.15615339133638084
484,0.15615339133638084
485,0.15615339133638084
486,0.15615339133638084
487,0.15615339133638084
488,0.15615339133638084
489,0.15615339133638084
490,0.15615339133638084
491,0.15615339133638084
492,0.15615339133638084
493,0.15615339133638084
494,0.15615339133638084
495,0.15615339133638084
496,0.15615339133638084
497,0.15615339133638084
498,0.15615339133638084
499,0.15615339133638084
500,0.15615339133638084
501,0.15615339133638084
502,0.15615339133638084
503,0.15615339133638084
504,0.15615339133638084
505,0.17538335876863845
506,0.15615339133638084
507,0.15615339133638084
508,0.15615339133638084
509,0.15615339133638084
510,0.15615339133638084
511,0.15615339133638084
512,0.15615339133638084
513,0.15615339133638084
514,0.15615339133638084
515,0.15615339133638084
516,0.15615339133638084
517,0.15615339133638084
518,0.15615339133638084
519,0.15615339133638084
520,0.15615339133638084
521,0.15615339133638084
522,0.15615339133638084
523,0.15615339133638084
524,0.15615339133638084
525,0.15615339133638084
526,0.15615339133638084
527,0.15615339133638084
528,0.19541180652191936
529,0.15615339133638084
530,0.15615339133638084
531,0.15615339133638084
532,0.15615339133638084
533,0.15615339133638084
534,0.15615339133638084
535,0.15615339133638084
536,0.15615339133638084
537,0.15615339133638084
538,0.15615339133638084
539,0.15615339133638084
540,0.19541180652191936
541,0.1757253763934058
542,0.15615339133638084
543,0.15615339133638084
544,0.15615339133638084
545,0.15615339133638084
546,0.15615339133638084
547,0.15615339133638084
548,0.15615339133638084
549,0.15615339133638084
550,0.15615339133638084
551,0.15615339133638084
552,0.1767627339631278
553,0.15615339133638084
554,0.15615339133638084
555,0.15615339133638084
556,0.15615339133638084
557,0.15615339133638084
558,0.15615339133638084
559,0.15615339133638084
560,0.15615339133638084
561,0.15615339133638084
562,0.1767627339631278
563,0.15615339133638084
564,0.15615339133638084
565,0.15615339133638084
566,0.15615339133638084
567,0.1755324070836291
568,0.15615339133638084
569,0.15615339133638084
570,0.15615339133638084
571,0.15615339133638084
572,0.15615339133638084
573,0.15615339133638084
574,0.15615339133638084
575,0.15615339133638084
576,0.15615339133638084
577,0.19290263183486478
578,0.15615339133638084
579,0.15615339133638084
580,0.15615339133638084
581,0.15615339133638084
582,0.15615339133638084
583,0.15615339133638084
584,0.15615339133638084
585,0.15615339133638084
586,0.15615339133638084
587,0.15615339133638084
588,0.15615339133638084
589,0.15615339133638084
590,0.15615339133638084
591,0.15615339133638084
592,0.15615339133638084
593,0.15615339133638084
594,0.15615339133638084
595,0.15615339133638084
596,0.15615339133638084
597,0.19515251411822598
598,0.1767627339631278
599,0.15615339133638084
600,0.15615339133638084
601,0.15615339133638084
602,0.15615339133638084
603,0.15615339133638084
604,0.15615339133638084
605,0.15615339133638084
606,0.15615339133638084
607,0.15615339133638084
608,0.15615339133638084
609,0.15615339133638084
610,0.15615339133638084
611,0.15615339133638084
612,0.15615339133638084
613,0.15615339133638084
614,0.15615339133638084
615,0.15615339133638084
616,0.15615339133638084
617,0.15615339133638084
618,0.15615339133638084
619,0.15615339133638084
620,0.19457290816863052
621,0.15615339133638084
622,0.15615339133638084
623,0.15615339133638084
624,0.15615339133638084
625,0.15615339133638084
626,0.15615339133638084
627,0.15615339133638084
628,0.15615339133638084
629,0.15615339133638084
630,0.15615339133638084
631,0.15615339133638084
632,0.15615339133638084
633,0.15615339133638084
634,0.15615339133638084
635,0.15615339133638084
636,0.15615339133638084
637,0.15615339133638084
638,0.15615339133638084
639,0.15615339133638084
640,0.15615339133638084
641,0.15615339133638084
642,0.15615339133638084
643,0.1767627339631278
644,0.15615339133638084
645,0.15615339133638084
646,0.15615339133638084
647,0.15615339133638084
648,0.15615339133638084
649,0.15615339133638084
650,0.15615339133638084
651,0.15615339133638084
652,0.15615339133638084
653,0.19481344378370646
654,0.1767627339631278
655,0.15615339133638084
656,0.15615339133638084
657,0.15615339133638084
658,0.15615339133638084
659,0.15615339133638084
660,0.15615339133638084
661,0.15615339133638084
662,0.15615339133638084
663,0.15615339133638084
664,0.15615339133638084
665,0.15615339133638084
666,0.15615339133638084
667,0.15615339133638084
668,0.15615339133638084
669,0.15615339133638084
670,0.15615339133638084
671,0.15615339133638084
672,0.15615339133638084
673,0.15615339133638084
674,0.15615339133638084
675,0.15615339133638084
676,0.19515251411822598
677,0.15615339133638084
678,0.15615339133638084
679,0.15615339133638084
680,0.15615339133638084
681,0.15615339133638084
682,0.15615339133638084
683,0.15615339133638084
684,0.15615339133638084
685,0.15615339133638084
686,0.15615339133638084
687,0.15615339133638084
688,0.15615339133638084
689,0.15615339133638084
690,0.15615339133638084
691,0.15615339133638084
692,0.15615339133638084
693,0.15615339133638084
694,0.15615339133638084
695,0.17398729265472035
696,0.15615339133638084
697,0.15615339133638084
698,0.15615339133638084
699,0.15615339133638084
700,0.19515251411822598
701,0.15615339133638084
702,0.15615339133638084
703,0.15615339133638084
704,0.15615339133638084
705,0.15615339133638084
706,0.15615339133638084
707,0.15615339133638084
708,0.15615339133638084
709,0.15615339133638084
710,0.15615339133638084
711,0.15615339133638084
712,0.15615339133638084
713,0.15615339133638084
714,0.15615339133638084
715,0.15615339133638084
716,0.15615339133638084
717,0.15615339133638084
718,0.15615339133638084
719,0.15615339133638084
720,0.15615339133638084
721,0.15615339133638084
722,0.15615339133638084
723,0.15615339133638084
724,0.15615339133638084
725,0.15615339133638084
726,0.15615339133638084
727,0.15615339133638084
728,0.15615339133638084
729,0.15615339133638084
730,0.15615339133638084
731,0.15615339133638084
732,0.1770980917622523
733,0.15615339133638084
734,0.15615339133638084
735,0.15615339133638084
736,0.15615339133638084
737,0.15615339133638084
738,0.15615339133638084
739,0.15615339133638084
740,0.15615339133638084
741,0.15615339133638084
742,0.15615339133638084
743,0.15615339133638084
744,0.15615339133638084
745,0.15615339133638084
746,0.19515251411822598
747,0.15615339133638084
748,0.15615339133638084
749,0.15615339133638084
750,0.1770980917622523
751,0.15615339133638084
752,0.15615339133638084
753,0.1767627339631278
754,0.15615339133638084
755,0.15615339133638084
756,0.15615339133638084
757,0.15615339133638084
758,0.15615339133638084
759,0.15615339133638084
760,0.15615339133638084
761,0.15615339133638084
762,0.15615339133638084
763,0.15615339133638084
764,0.15615339133638084
765,0.15615339133638084
766,0.15615339133638084
767,0.15615339133638084
768,0.15615339133638084
769,0.15615339133638084
770,0.15615339133638084
771,0.15615339133638084
772,0.15615339133638084
773,0.15615339133638084
774,0.15615339133638084
775,0.19457290816863052
776,0.15615339133638084
777,0.15615339133638084
778,0.15615339133638084
779,0.19515251411822598
780,0.19481344378370646
781,0.15615339133638084
782,0.15615339133638084
783,0.15615339133638084
784,0.15615339133638084
785,0.15615339133638084
786,0.15615339133638084
787,0.15615339133638084
788,0.15615339133638084
789,0.15615339133638084
790,0.1767627339631278
791,0.15615339133638084
792,0.19481344378370646
793,0.15615339133638084
794,0.1757253763934058
795,0.15615339133638084
796,0.15615339133638084
797,0.15615339133638084
798,0.15615339133638084
799,0.19541180652191936
800,0.15615339133638084
801,0.15615339133638084
802,0.15615339133638084
803,0.15615339133638084
804,0.15615339133638084
805,0.15615339133638084
806,0.15615339133638084
807,0.15615339133638084
808,0.19457290816863052
809,0.15615339133638084
810,0.15615339133638084
811,0.15615339133638084
812,0.15615339133638084
813,0.15615339133638084
814,0.15615339133638084
815,0.15615339133638084
816,0.15615339133638084
817,0.15615339133638084
818,0.15615339133638084
819,0.15615339133638084
820,0.15615339133638084
821,0.15615339133638084
822,0.15615339133638084
823,0.15615339133638084
824,0.19457290816863052
825,0.15615339133638084
826,0.19515251411822598
827,0.15615339133638084
828,0.15615339133638084
829,0.15615339133638084
830,0.15615339133638084
831,0.17398729265472035
832,0.15615339133638084
833,0.15615339133638084
834,0.15615339133638084
835,0.15615339133638084
836,0.15615339133638084
837,0.15615339133638084
838,0.15615339133638084
839,0.15615339133638084
840,0.15615339133638084
841,0.17398729265472035
842,0.15615339133638084
843,0.15615339133638084
844,0.15615339133638084
845,0.15615339133638084
846,0.15615339133638084
847,0.15615339133638084
848,0.15615339133638084
849,0.15615339133638084
850,0.15615339133638084
851,0.15615339133638084
852,0.15615339133638084
853,0.15615339133638084
854,0.15615339133638084
855,0.15615339133638084
856,0.15615339133638084
857,0.19541180652191936
858,0.15615339133638084
859,0.15615339133638084
860,0.15615339133638084
861,0.15615339133638084
862,0.15615339133638084
863,0.15615339133638084
864,0.15615339133638084
865,0.15615339133638084
866,0.15615339133638084
867,0.1757253763934058
868,0.15615339133638084
869,0.15615339133638084
870,0.15615339133638084
871,0.15615339133638084
872,0.15615339133638084
873,0.15615339133638084
874,0.15615339133638084
875,0.15615339133638084
876,0.15615339133638084
877,0.15615339133638084
878,0.15615339133638084
879,0.15615339133638084
880,0.15615339133638084
881,0.15615339133638084
882,0.15615339133638084
883,0.15615339133638084
884,0.15615339133638084
885,0.15615339133638084
886,0.15615339133638084
887,0.15615339133638084
888,0.15615339133638084
889,0.15615339133638084
890,0.15615339133638084
891,0.15615339133638084
892,0.15615339133638084
893,0.15615339133638084
894,0.15615339133638084
895,0.19457290816863052
896,0.15615339133638084
897,0.15615339133638084
898,0.15615339133638084
899,0.15615339133638084
900,0.15615339133638084
901,0.15615339133638084
902,0.15615339133638084
903,0.15615339133638084
904,0.15615339133638084
905,0.15615339133638084
906,0.1767627339631278
907,0.15615339133638084
908,0.15615339133638084
909,0.15615339133638084
910,0.15615339133638084
911,0.1770980917622523
912,0.15615339133638084
913,0.15615339133638084
914,0.15615339133638084
915,0.15615339133638084
916,0.15615339133638084
917,0.15615339133638084
918,0.15615339133638084
919,0.15615339133638084
920,0.15615339133638084
921,0.15615339133638084
922,0.15615339133638084
923,0.1770980917622523
924,0.15615339133638084
925,0.15615339133638084
926,0.15615339133638084
927,0.15615339133638084
928,0.15615339133638084
929,0.15615339133638084
930,0.15615339133638084
931,0.15615339133638084
932,0.15615339133638084
933,0.15615339133638084
934,0.15615339133638084
935,0.15615339133638084
936,0.15615339133638084
937,0.15615339133638084
938,0.19515251411822598
939,0.15615339133638084
940,0.15615339133638084
941,0.15615339133638084
942,0.15615339133638084
943,0.15615339133638084
944,0.15615339133638084
945,0.15615339133638084
946,0.15615339133638084
947,0.15615339133638084
948,0.19434228380030563
949,0.15615339133638084
950,0.15615339133638084
951,0.15615339133638084
952,0.1767627339631278
953,0.15615339133638084
954,0.15615339133638084
955,0.15615339133638084
956,0.15615339133638084
957,0.15615339133638084
958,0.15615339133638084
959,0.15615339133638084
960,0.15615339133638084
961,0.1770980917622523
962,0.19290263183486478
963,0.15615339133638084
964,0.15615339133638084
965,0.15615339133638084
966,0.19434228380030563
967,0.15615339133638084
968,0.15615339133638084
969,0.15615339133638084
970,0.15615339133638084
971,0.15615339133638084
972,0.19457290816863052
973,0.15615339133638084
974,0.15615339133638084
975,0.15615339133638084
976,0.15615339133638084
977,0.15615339133638084
978,0.15615339133638084
979,0.15615339133638084
980,0.15615339133638084
981,0.15615339133638084
982,0.15615339133638084
983,0.15615339133638084
984,0.19481344378370646
985,0.15615339133638084
986,0.15615339133638084
987,0.15615339133638084
988,0.15615339133638084
989,0.15615339133638084
990,0.15615339133638084
991,0.15615339133638084
992,0.15615339133638084
993,0.19457290816863052
994,0.15615339133638084
995,0.15615339133638084
996,0.15615339133638084
997,0.15615339133638084
998,0.15615339133638084
999,0.15615339133638084
