0	21.7379150390625	22.130088806152344
1	22.825275421142578	22.060226440429688
2	21.361465454101562	22.126174926757812
3	21.93651580810547	22.23152732849121
4	22.78065299987793	22.024742126464844
5	24.724502563476562	23.981693267822266
6	22.73279571533203	21.989971160888672
7	21.655275344848633	21.90751838684082
8	21.736181259155273	21.85284996032715
9	22.74260711669922	22.044967651367188
10	22.812236785888672	22.130033493041992
11	22.78585433959961	22.102767944335938
12	22.51532554626465	22.105810165405273
13	23.73963737487793	22.24188995361328
14	21.528457641601562	21.88424301147461
15	22.76090431213379	21.856801986694336
16	22.809980392456055	22.015090942382812
17	21.73483657836914	22.11850357055664
18	22.25981903076172	22.01511001586914
19	24.4967041015625	23.119985580444336
20	22.80614471435547	22.143718719482422
21	21.850236892700195	21.93255615234375
22	21.989431381225586	22.008766174316406
23	22.9698486328125	21.997394561767578
24	22.96133041381836	22.124011993408203
25	22.913673400878906	22.098413467407227
26	22.01675033569336	22.114561080932617
27	24.71686553955078	22.186506271362305
28	22.134990692138672	21.974287033081055
29	23.050500869750977	22.89655876159668
30	23.051578521728516	22.904788970947266
31	23.083053588867188	22.126094818115234
32	22.11286163330078	22.084932327270508
33	24.889318466186523	23.03736114501953
34	23.031822204589844	22.14144515991211
35	22.99530792236328	21.923870086669922
36	23.057998657226562	21.944427490234375
37	23.0821590423584	22.122455596923828
38	22.997852325439453	22.092693328857422
39	21.532085418701172	22.100738525390625
40	21.992332458496094	22.20813751220703
41	22.96233367919922	22.057659149169922
42	22.92340850830078	22.110950469970703
43	21.863536834716797	22.08912467956543
44	25.834104537963867	22.0289249420166
45	22.794692993164062	22.00682830810547
46	22.84905242919922	21.888254165649414
47	22.788883209228516	21.785320281982422
48	22.812963485717773	22.110828399658203
49	22.793624877929688	22.06810760498047
50	21.660205841064453	22.110595703125
51	22.88938331604004	22.050724029541016
52	22.864864349365234	22.1390380859375
53	22.865753173828125	22.107954025268555
54	21.911989212036133	22.120052337646484
55	22.810562133789062	22.189258575439453
56	23.88921546936035	22.052196502685547
57	23.50531578063965	22.136625289916992
58	22.99376678466797	22.011035919189453
59	20.814189910888672	22.00922203063965
60	23.02029037475586	22.198806762695312
61	21.721588134765625	22.094938278198242
62	21.854049682617188	21.99709701538086
63	21.573322296142578	22.237476348876953
64	24.493541717529297	23.982507705688477
65	20.336444854736328	22.09437370300293
66	22.024002075195312	22.013309478759766
67	21.659019470214844	21.945377349853516
68	23.02895736694336	22.0899658203125
69	22.142051696777344	22.124103546142578
70	21.529708862304688	22.1668701171875
71	22.84021759033203	22.1665096282959
72	22.975204467773438	21.970561981201172
73	22.885530471801758	22.061397552490234
74	21.480484008789062	22.103673934936523
75	21.394615173339844	22.01596450805664
76	21.588218688964844	22.080272674560547
77	22.821582794189453	22.30364990234375
78	22.857152938842773	22.014413833618164
79	22.83559799194336	22.080368041992188
80	22.7512149810791	22.098634719848633
81	21.466291427612305	22.122520446777344
82	22.35918617248535	22.114437103271484
83	23.03156280517578	22.135841369628906
84	21.76639175415039	22.06732940673828
85	21.288209915161133	22.151958465576172
86	24.422088623046875	22.18972396850586
87	22.94781494140625	22.109830856323242
88	22.885540008544922	21.9423828125
89	22.211959838867188	21.9868106842041
90	22.791606903076172	22.096599578857422
91	22.849414825439453	22.1234130859375
92	22.765289306640625	22.117090225219727
93	20.011276245117188	22.11615753173828
94	22.15930938720703	22.279027938842773
95	24.82680320739746	22.148330688476562
96	23.001020431518555	21.82827377319336
97	21.855621337890625	21.866619110107422
98	21.73485565185547	21.802127838134766
99	21.339393615722656	22.02481460571289
100	23.85936737060547	22.167285919189453
101	19.253345489501953	20.031503677368164
102	22.94722557067871	22.07497787475586
103	22.93020248413086	22.006736755371094
104	22.89316177368164	22.07327651977539
105	21.682632446289062	22.082565307617188
106	21.94257354736328	22.20873260498047
107	21.942272186279297	21.928403854370117
108	22.88633918762207	22.05289077758789
109	22.949275970458984	22.113964080810547
110	22.873340606689453	22.11961555480957
111	21.76736831665039	22.12066650390625
112	22.47698974609375	22.218868255615234
113	21.856327056884766	22.080364227294922
114	22.974159240722656	22.031129837036133
115	22.931201934814453	22.162670135498047
116	24.41038703918457	22.10880470275879
117	22.822628021240234	22.154123306274414
118	22.90363883972168	21.939220428466797
119	22.8678035736084	21.993236541748047
120	20.743759155273438	22.12126922607422
121	22.056554794311523	22.201448440551758
122	23.029817581176758	22.056926727294922
123	22.921327590942383	22.119094848632812
124	21.76116943359375	22.098480224609375
125	25.04031753540039	24.01856803894043
126	23.04647445678711	22.144515991210938
127	22.958402633666992	21.913959503173828
128	22.96514320373535	21.927778244018555
129	21.677120208740234	22.120574951171875
130	22.103694915771484	21.989404678344727
131	21.494979858398438	22.195175170898438
132	23.04233169555664	22.198511123657227
133	22.841161727905273	22.09999656677246
134	21.91820526123047	22.10989761352539
135	25.819496154785156	23.19329071044922
136	23.144569396972656	21.832218170166016
137	20.31175994873047	21.81046485900879
138	22.09445571899414	21.794689178466797
139	23.106037139892578	22.041236877441406
140	21.78297233581543	22.048831939697266
141	21.94791030883789	21.9853458404541
142	22.71991729736328	22.21864891052246
143	24.070497512817383	22.032442092895508
144	21.30498504638672	22.065553665161133
145	22.346345901489258	21.99310302734375
146	21.73717498779297	22.05888557434082
147	22.909435272216797	22.006290435791016
148	22.781269073486328	22.14263916015625
149	22.575550079345703	22.100543975830078
150	22.154769897460938	22.09565544128418
151	22.874439239501953	22.086273193359375
152	22.88372802734375	22.118173599243164
153	25.316696166992188	22.114290237426758
154	22.05257797241211	22.05789566040039
155	22.793312072753906	21.888465881347656
156	22.71918487548828	21.84573745727539
157	21.864248275756836	22.133853912353516
158	21.8043212890625	22.156335830688477
159	25.739425659179688	24.956180572509766
160	22.962631225585938	21.959867477416992
161	23.100723266601562	21.87236785888672
162	21.223350524902344	21.805072784423828
163	22.926170349121094	22.191158294677734
164	23.062557220458984	22.051448822021484
165	23.06102752685547	22.087738037109375
166	23.148550033569336	22.079727172851562
167	23.581544876098633	22.10573959350586
168	18.593441009521484	20.158218383789062
169	18.562355041503906	20.368709564208984
170	17.877365112304688	19.325702667236328
171	19.040142059326172	18.0345401763916
172	18.987186431884766	19.176816940307617
173	19.061391830444336	20.17945098876953
174	21.311458587646484	22.217180252075195
175	21.785919189453125	22.183551788330078
176	19.24443244934082	21.218387603759766
177	18.60944366455078	20.081235885620117
178	24.09975814819336	23.082565307617188
179	18.976463317871094	19.218223571777344
180	23.076251983642578	22.30024528503418
181	21.870025634765625	21.96677589416504
182	21.62550163269043	21.92635154724121
183	19.513710021972656	19.194040298461914
184	21.09351348876953	22.24393653869629
185	21.09047508239746	22.177715301513672
186	19.527149200439453	20.10927963256836
187	23.046689987182617	22.87668800354004
188	21.954193115234375	21.816360473632812
189	22.81880760192871	22.077316284179688
190	22.938621520996094	21.9857234954834
191	22.931930541992188	22.053146362304688
192	23.10054588317871	22.072189331054688
193	23.952232360839844	22.116573333740234
194	22.36077117919922	22.093185424804688
195	22.452922821044922	21.91822624206543
196	22.30882453918457	21.983341217041016
197	22.909465789794922	22.11347198486328
198	22.448200225830078	22.105403900146484
199	20.055498123168945	22.128231048583984
200	23.07842254638672	22.267057418823242
201	23.051532745361328	22.025724411010742
202	22.652740478515625	22.065570831298828
203	23.20600700378418	22.108373641967773
204	23.072826385498047	22.181480407714844
205	22.684568405151367	22.11313247680664
206	22.269142150878906	22.0648250579834
207	22.940629959106445	22.058032989501953
208	22.982547760009766	22.150314331054688
209	21.190086364746094	22.116230010986328
210	22.450441360473633	22.18515968322754
211	21.068557739257812	22.09623908996582
212	25.666282653808594	23.25511932373047
213	22.58032989501953	21.855815887451172
214	19.841154098510742	21.767139434814453
215	22.124439239501953	21.711170196533203
216	25.024723052978516	24.056516647338867
217	22.35277557373047	21.985172271728516
218	21.593212127685547	21.87773895263672
219	22.60540008544922	21.830810546875
220	22.429794311523438	22.13652229309082
221	21.98849105834961	22.00994300842285
222	22.640941619873047	22.060026168823242
223	23.90421485900879	22.214019775390625
224	22.639564514160156	21.82464599609375
225	22.993494033813477	21.818775177001953
226	22.904518127441406	21.932647705078125
227	23.03399085998535	22.095888137817383
228	21.669086456298828	22.08681297302246
229	26.191781997680664	24.998411178588867
230	22.199668884277344	21.899263381958008
231	21.96511459350586	21.82219696044922
232	21.722267150878906	21.734378814697266
233	22.07785415649414	21.940216064453125
234	19.56101417541504	22.033931732177734
235	21.425376892089844	22.27562713623047
236	22.6027774810791	21.96584701538086
237	21.634113311767578	22.154380798339844
238	19.86544418334961	22.165740966796875
239	22.133399963378906	22.200443267822266
