0: {(3, 7): [3, 1, 5, 7], (3, 4): [3, 6, 4], (7, 14): [7, 5, 8, 14]}
1: {(3, 7): [3, 6, 5, 7], (7, 14): [7, 9, 8, 14], (7, 4): [7, 5, 4]}
2: {(3, 7): [3, 1, 5, 7], (7, 14): [7, 5, 8, 14], (7, 4): [7, 5, 4]}
3: {(3, 7): [3, 1, 5, 7], (7, 14): [7, 5, 8, 14], (7, 4): [7, 5, 4]}
4: {(3, 7): [3, 6, 5, 7], (7, 14): [7, 9, 8, 14], (7, 4): [7, 9, 4]}
5: {(3, 7): [3, 1, 5, 7], (7, 14): [7, 5, 8, 14], (7, 4): [7, 9, 4]}
6: {(3, 7): [3, 6, 5, 7], (7, 14): [7, 5, 8, 14], (7, 4): [7, 5, 4]}
7: {(3, 7): [3, 6, 5, 7], (7, 14): [7, 5, 8, 14], (7, 4): [7, 9, 4]}
8: {(3, 7): [3, 1, 5, 7], (7, 14): [7, 9, 8, 14], (7, 4): [7, 9, 4]}
9: {(3, 7): [3, 1, 5, 7], (7, 14): [7, 5, 8, 14], (7, 4): [7, 5, 4]}
10: {(3, 7): [3, 1, 5, 7], (7, 14): [7, 9, 8, 14], (7, 4): [7, 9, 4]}
11: {(3, 7): [3, 6, 5, 7], (7, 14): [7, 5, 8, 14], (7, 4): [7, 5, 4]}
12: {(3, 7): [3, 1, 5, 7], (7, 14): [7, 9, 8, 14], (7, 4): [7, 9, 4]}
13: {(3, 7): [3, 1, 5, 7], (7, 14): [7, 5, 8, 14], (7, 4): [7, 5, 4]}
14: {(3, 7): [3, 1, 5, 7], (7, 14): [7, 9, 8, 14], (7, 4): [7, 9, 4]}
15: {(3, 7): [3, 6, 5, 7], (7, 14): [7, 5, 8, 14], (7, 4): [7, 9, 4]}
16: {(3, 7): [3, 1, 5, 7], (7, 14): [7, 5, 8, 14], (7, 4): [7, 7, 9, 4]}
17: {(3, 7): [3, 6, 5, 7], (7, 14): [7, 9, 8, 14], (7, 4): [7, 5, 4]}
18: {(3, 7): [3, 6, 5, 7], (7, 14): [7, 5, 8, 14], (7, 4): [7, 9, 4]}
19: {(3, 7): [3, 6, 5, 7], (7, 14): [7, 5, 8, 14], (7, 4): [7, 5, 4]}
20: {(3, 7): [3, 6, 5, 7], (7, 14): [7, 5, 8, 14], (7, 4): [7, 9, 4]}
21: {(3, 7): [3, 6, 5, 7], (7, 14): [7, 9, 8, 14], (7, 4): [7, 9, 4]}
22: {(3, 7): [3, 1, 5, 7], (7, 14): [7, 5, 8, 14], (7, 4): [7, 7, 9, 4]}
23: {(3, 7): [3, 6, 5, 7], (7, 14): [7, 5, 8, 14], (7, 4): [7, 7, 9, 7, 9, 4]}
24: {(3, 7): [3, 1, 5, 7], (7, 14): [7, 5, 8, 14], (7, 4): [7, 5, 4]}
25: {(3, 7): [3, 6, 5, 7], (7, 14): [7, 5, 8, 14], (7, 4): [7, 5, 4]}
26: {(3, 7): [3, 6, 5, 7], (7, 14): [7, 5, 8, 14], (7, 4): [7, 9, 4]}
27: {(3, 7): [3, 1, 5, 7], (7, 14): [7, 5, 8, 14], (7, 4): [7, 5, 4]}
28: {(3, 7): [3, 1, 5, 7], (7, 14): [7, 5, 8, 14], (7, 4): [7, 5, 4]}
29: {(3, 7): [3, 6, 5, 7], (7, 14): [7, 5, 8, 14], (7, 4): [7, 9, 4]}
30: {(3, 7): [3, 1, 5, 7], (7, 14): [7, 5, 8, 14], (7, 4): [7, 5, 4]}
31: {(3, 7): [3, 1, 5, 7], (7, 14): [7, 5, 8, 14], (7, 4): [7, 9, 4]}
32: {(3, 7): [3, 6, 5, 7], (7, 14): [7, 9, 8, 14], (7, 4): [7, 9, 4]}
33: {(3, 7): [3, 1, 5, 7], (7, 14): [7, 9, 8, 14], (7, 4): [7, 7, 9, 4]}
34: {(3, 7): [3, 1, 5, 7], (7, 14): [7, 5, 8, 14], (7, 4): [7, 7, 5, 4]}
35: {(3, 7): [3, 1, 5, 7], (7, 14): [7, 5, 8, 14], (7, 4): [7, 7, 5, 4]}
36: {(3, 7): [3, 6, 5, 7], (7, 14): [7, 5, 8, 14], (7, 4): [7, 9, 4]}
37: {(3, 7): [3, 1, 5, 7], (7, 14): [7, 5, 8, 14], (7, 4): [7, 5, 4]}
38: {(3, 7): [3, 6, 5, 7], (7, 14): [7, 5, 8, 14], (7, 4): [7, 5, 4]}
39: {(3, 7): [3, 1, 5, 7], (7, 14): [7, 5, 8, 14], (7, 4): [7, 5, 4]}
40: {(3, 7): [3, 6, 5, 7], (7, 14): [7, 5, 8, 14], (7, 4): [7, 7, 9, 4]}
41: {(3, 7): [3, 1, 5, 7], (7, 14): [7, 5, 8, 14], (7, 4): [7, 5, 4]}
42: {(3, 7): [3, 6, 5, 7], (7, 14): [7, 5, 8, 14], (7, 4): [7, 5, 4]}
43: {(3, 7): [3, 1, 5, 7], (7, 14): [7, 5, 8, 14], (7, 4): [7, 5, 4]}
44: {(3, 7): [3, 1, 5, 7], (7, 14): [7, 5, 8, 14], (7, 4): [7, 9, 4]}
45: {(3, 7): [3, 6, 5, 7], (7, 14): [7, 5, 8, 14], (7, 4): [7, 7, 5, 4]}
46: {(3, 7): [3, 1, 5, 7], (7, 14): [7, 5, 8, 14], (7, 4): [7, 5, 4]}
47: {(3, 7): [3, 1, 5, 7], (7, 14): [7, 5, 8, 14], (7, 4): [7, 5, 4]}
48: {(3, 7): [3, 1, 5, 7], (7, 14): [7, 5, 8, 14], (7, 4): [7, 7, 5, 4]}
49: {(3, 7): [3, 1, 5, 7], (7, 14): [7, 5, 8, 14], (7, 4): [7, 5, 4]}
50: {(3, 7): [3, 6, 5, 7], (7, 14): [7, 5, 8, 14], (7, 4): [7, 5, 4]}
51: {(3, 7): [3, 1, 5, 7], (7, 14): [7, 5, 8, 14], (7, 4): [7, 5, 4]}
52: {(3, 7): [3, 6, 5, 7], (7, 14): [7, 5, 8, 14], (7, 4): [7, 5, 4]}
53: {(3, 7): [3, 6, 5, 7], (7, 14): [7, 5, 8, 14], (7, 4): [7, 5, 4]}
54: {(3, 7): [3, 1, 5, 7], (7, 14): [7, 5, 8, 14], (7, 4): [7, 5, 4]}
55: {(3, 7): [3, 1, 5, 7], (7, 14): [7, 5, 8, 14], (7, 4): [7, 5, 4]}
56: {(3, 7): [3, 1, 5, 7], (7, 14): [7, 5, 8, 14], (7, 4): [7, 9, 4]}
57: {(3, 7): [3, 1, 5, 7], (7, 14): [7, 5, 8, 14], (7, 4): [7, 5, 4]}
58: {(3, 7): [3, 6, 5, 7], (7, 14): [7, 5, 8, 14], (7, 4): [7, 9, 4]}
59: {(3, 7): [3, 6, 5, 7], (7, 14): [7, 5, 8, 14], (7, 4): [7, 5, 4]}
60: {(3, 7): [3, 6, 5, 7], (7, 14): [7, 5, 8, 14], (7, 4): [7, 5, 4]}
61: {(3, 7): [3, 1, 5, 7], (7, 14): [7, 5, 8, 14], (7, 4): [7, 9, 4]}
62: {(3, 7): [3, 6, 5, 7], (7, 14): [7, 5, 8, 14], (7, 4): [7, 9, 4]}
63: {(3, 7): [3, 1, 5, 7], (7, 14): [7, 5, 8, 14], (7, 4): [7, 5, 4]}
64: {(3, 7): [3, 1, 5, 7], (7, 14): [7, 5, 8, 14], (7, 4): [7, 5, 4]}
65: {(3, 7): [3, 6, 5, 7], (7, 14): [7, 5, 8, 14], (7, 4): [7, 9, 4]}
66: {(3, 7): [3, 1, 5, 7], (7, 14): [7, 5, 8, 14], (7, 4): [7, 7, 7, 9, 4]}
67: {(3, 7): [3, 6, 5, 7], (7, 14): [7, 5, 8, 14], (7, 4): [7, 9, 4]}
68: {(3, 7): [3, 6, 5, 7], (7, 14): [7, 5, 8, 14], (7, 4): [7, 5, 4]}
69: {(3, 7): [3, 6, 5, 7], (7, 14): [7, 5, 8, 14], (7, 4): [7, 5, 4]}
70: {(3, 7): [3, 1, 5, 7], (7, 14): [7, 5, 8, 14], (7, 4): [7, 5, 4]}
71: {(3, 7): [3, 1, 5, 7], (7, 14): [7, 5, 8, 14], (7, 4): [7, 9, 4]}
72: {(3, 7): [3, 1, 5, 7], (7, 14): [7, 5, 8, 14], (7, 4): [7, 9, 4]}
73: {(3, 7): [3, 1, 5, 7], (7, 14): [7, 5, 8, 14], (7, 4): [7, 5, 4]}
74: {(3, 7): [3, 1, 5, 7], (7, 14): [7, 5, 8, 14], (7, 4): [7, 9, 4]}
75: {(3, 7): [3, 6, 5, 7], (7, 14): [7, 5, 8, 14], (7, 4): [7, 7, 5, 4]}
76: {(3, 7): [3, 6, 5, 7], (7, 14): [7, 5, 8, 14], (7, 4): [7, 7, 5, 4]}
77: {(3, 7): [3, 6, 5, 7], (7, 14): [7, 5, 8, 14], (7, 4): [7, 5, 4]}
78: {(3, 7): [3, 6, 5, 7], (7, 14): [7, 5, 8, 14], (7, 4): [7, 7, 5, 4]}
79: {(3, 7): [3, 1, 5, 7], (7, 14): [7, 5, 8, 14], (7, 4): [7, 9, 4]}
80: {(3, 7): [3, 1, 5, 7], (7, 14): [7, 5, 8, 14], (7, 4): [7, 9, 4]}
81: {(3, 7): [3, 6, 5, 7], (7, 14): [7, 5, 8, 14], (7, 4): [7, 5, 4]}
82: {(3, 7): [3, 6, 5, 7], (7, 14): [7, 5, 8, 14], (7, 4): [7, 7, 5, 4]}
83: {(3, 7): [3, 6, 5, 7], (7, 14): [7, 5, 8, 14], (7, 4): [7, 9, 4]}
84: {(3, 7): [3, 1, 5, 7], (7, 14): [7, 5, 8, 14], (7, 4): [7, 5, 4]}
85: {(3, 7): [3, 6, 5, 7], (7, 14): [7, 5, 8, 14], (7, 4): [7, 5, 4]}
86: {(3, 7): [3, 6, 5, 7], (7, 14): [7, 5, 8, 14], (7, 4): [7, 5, 4]}
87: {(3, 7): [3, 1, 5, 7], (7, 14): [7, 5, 8, 14], (7, 4): [7, 7, 5, 4]}
88: {(3, 7): [3, 1, 5, 7], (7, 14): [7, 5, 8, 14], (7, 4): [7, 9, 4]}
89: {(3, 7): [3, 1, 5, 7], (7, 14): [7, 5, 8, 14], (7, 4): [7, 5, 4]}
90: {(3, 7): [3, 1, 5, 7], (7, 14): [7, 5, 8, 14], (7, 4): [7, 5, 4]}
91: {(3, 7): [3, 1, 5, 7], (7, 14): [7, 5, 8, 14], (7, 4): [7, 7, 9, 4]}
92: {(3, 7): [3, 6, 5, 7], (7, 14): [7, 5, 8, 14], (7, 4): [7, 5, 4]}
93: {(3, 7): [3, 6, 5, 7], (7, 14): [7, 5, 8, 14], (7, 4): [7, 5, 4]}
94: {(3, 7): [3, 6, 5, 7], (7, 14): [7, 5, 8, 14], (7, 4): [7, 5, 4]}
95: {(3, 7): [3, 1, 5, 7], (7, 14): [7, 5, 8, 14], (7, 4): [7, 7, 7, 5, 4]}
96: {(3, 7): [3, 1, 5, 7], (7, 14): [7, 5, 8, 14], (7, 4): [7, 5, 4]}
97: {(3, 7): [3, 1, 5, 7], (7, 14): [7, 5, 8, 14], (7, 4): [7, 5, 4]}
98: {(3, 7): [3, 1, 5, 7], (7, 14): [7, 5, 8, 14], (7, 4): [7, 5, 4]}
99: {(3, 7): [3, 1, 5, 7], (7, 14): [7, 5, 8, 14], (7, 4): [7, 7, 9, 4]}
100: {(3, 7): [3, 6, 5, 7], (7, 14): [7, 5, 8, 14], (7, 4): [7, 5, 4]}
101: {(3, 7): [3, 1, 5, 7], (7, 14): [7, 5, 8, 14], (7, 4): [7, 9, 4]}
102: {(3, 7): [3, 1, 5, 7], (7, 14): [7, 5, 8, 14], (7, 4): [7, 7, 5, 4]}
103: {(3, 7): [3, 1, 5, 7], (7, 14): [7, 5, 8, 14], (7, 4): [7, 9, 4]}
104: {(3, 7): [3, 1, 5, 7], (7, 14): [7, 5, 8, 14], (7, 4): [7, 5, 4]}
105: {(3, 7): [3, 1, 5, 7], (7, 14): [7, 5, 8, 14], (7, 4): [7, 7, 7, 7, 5, 4]}
106: {(3, 7): [3, 6, 5, 7], (7, 14): [7, 5, 8, 14], (7, 4): [7, 7, 5, 4]}
107: {(3, 7): [3, 1, 5, 7], (7, 14): [7, 5, 8, 14], (7, 4): [7, 5, 4]}
108: {(3, 7): [3, 6, 5, 7], (7, 14): [7, 5, 8, 14], (7, 4): [7, 5, 4]}
109: {(3, 7): [3, 1, 5, 7], (7, 14): [7, 5, 8, 14], (7, 4): [7, 7, 7, 5, 4]}
110: {(3, 7): [3, 1, 5, 7], (7, 14): [7, 5, 8, 14], (7, 4): [7, 5, 7, 5, 4]}
111: {(3, 7): [3, 6, 5, 7], (7, 14): [7, 5, 8, 14], (7, 4): [7, 5, 4]}
112: {(3, 7): [3, 1, 5, 7], (7, 14): [7, 5, 8, 14], (7, 4): [7, 5, 4]}
113: {(3, 7): [3, 6, 5, 7], (7, 14): [7, 5, 8, 14], (7, 4): [7, 5, 7, 5, 4]}
114: {(3, 7): [3, 6, 5, 7], (7, 14): [7, 5, 8, 14], (7, 4): [7, 5, 4]}
115: {(3, 7): [3, 6, 5, 7], (7, 14): [7, 5, 8, 14], (7, 4): [7, 5, 4]}
116: {(3, 7): [3, 1, 5, 7], (7, 14): [7, 5, 8, 14], (7, 4): [7, 5, 4]}
117: {(3, 7): [3, 6, 5, 7], (7, 14): [7, 5, 8, 14], (7, 4): [7, 5, 4]}
118: {(3, 7): [3, 6, 5, 7], (7, 14): [7, 5, 8, 14], (7, 4): [7, 5, 4]}
119: {(3, 7): [3, 1, 5, 7], (7, 14): [7, 5, 8, 14], (7, 4): [7, 5, 4]}
120: {(3, 7): [3, 6, 5, 7], (7, 14): [7, 5, 8, 14], (7, 4): [7, 7, 7, 7, 5, 4]}
121: {(3, 7): [3, 1, 5, 7], (7, 14): [7, 5, 8, 14], (7, 4): [7, 7, 7, 7, 5, 4]}
122: {(3, 7): [3, 6, 5, 7], (7, 14): [7, 9, 8, 14], (7, 4): [7, 7, 7, 9, 4]}
123: {(3, 7): [3, 1, 5, 7], (7, 14): [7, 9, 8, 14], (7, 4): [7, 9, 4]}
124: {(3, 7): [3, 1, 5, 7], (7, 14): [7, 9, 8, 14], (7, 4): [7, 7, 7, 5, 4]}
125: {(3, 7): [3, 1, 5, 7], (7, 14): [7, 5, 8, 14], (7, 4): [7, 7, 5, 4]}
126: {(3, 7): [3, 6, 5, 7], (7, 14): [7, 9, 8, 14], (7, 4): [7, 7, 7, 7]}
127: {(3, 7): [3, 1, 5, 7], (7, 14): [7, 5, 8, 14], (7, 4): [7, 9, 7, 7, 9, 4]}
128: {(3, 7): [3, 1, 5, 7], (7, 14): [7, 9, 8, 14], (7, 4): [7, 7, 5, 4]}
129: {(3, 7): [3, 1, 5, 7], (7, 14): [7, 9, 8, 14], (7, 4): [7, 7, 9, 4]}
130: {(3, 7): [3, 1, 5, 7], (7, 14): [7, 5, 8, 14], (7, 4): [7, 7, 7, 5, 4]}
131: {(3, 7): [3, 6, 5, 7], (7, 14): [7, 5, 8, 14], (7, 4): [7, 7, 7, 7, 9, 4]}
132: {(3, 7): [3, 6, 5, 7], (7, 14): [7, 5, 8, 14], (7, 4): [7, 7, 7, 7, 9, 4]}
133: {(3, 7): [3, 6, 5, 7], (7, 14): [7, 5, 8, 14], (7, 4): [7, 7, 7, 5, 7]}
134: {(3, 7): [3, 1, 5, 7], (7, 14): [7, 9, 8, 14], (7, 4): [7, 7, 7, 5, 4]}
135: {(3, 7): [3, 6, 5, 7], (7, 14): [7, 5, 8, 14], (7, 4): [7, 5, 4]}
136: {(3, 7): [3, 6, 5, 7], (7, 14): [7, 5, 8, 14], (7, 4): [7, 5, 4]}
137: {(3, 7): [3, 6, 5, 7], (7, 14): [7, 9, 8, 14], (7, 4): [7, 7, 9, 4]}
138: {(3, 7): [3, 6, 5, 7], (7, 14): [7, 5, 8, 14], (7, 4): [7, 7, 5, 4]}
139: {(3, 7): [3, 6, 5, 7], (7, 14): [7, 5, 8, 14], (7, 4): [7, 7, 7, 5, 4]}
140: {(3, 7): [3, 6, 5, 7], (7, 14): [7, 9, 8, 14], (7, 4): [7, 7, 9, 4]}
141: {(3, 7): [3, 6, 5, 7], (7, 14): [7, 5, 8, 14], (7, 4): [7, 5, 4]}
142: {(3, 7): [3, 6, 5, 7], (7, 14): [7, 5, 8, 14], (7, 4): [7, 7, 5, 4]}
143: {(3, 7): [3, 6, 5, 7], (7, 14): [7, 5, 8, 14], (7, 4): [7, 7, 9, 4]}
144: {(3, 7): [3, 1, 5, 7], (7, 14): [7, 5, 8, 14], (7, 4): [7, 7, 7, 5, 4]}
145: {(3, 7): [3, 1, 5, 7], (7, 14): [7, 9, 8, 14], (7, 4): [7, 7, 7, 7, 9, 4]}
146: {(3, 7): [3, 1, 5, 7], (7, 14): [7, 9, 8, 14], (7, 4): [7, 7, 9, 4]}
147: {(3, 7): [3, 1, 5, 7], (7, 14): [7, 5, 8, 14], (7, 4): [7, 7, 9, 4]}
148: {(3, 7): [3, 6, 5, 7], (7, 14): [7, 9, 8, 14], (7, 4): [7, 7, 7, 7, 5, 4]}
149: {(3, 7): [3, 1, 5, 7], (7, 14): [7, 5, 8, 14], (7, 4): [7, 7, 5, 4]}
150: {(3, 7): [3, 1, 5, 7], (7, 14): [7, 5, 8, 14], (7, 4): [7, 7, 7, 7, 9, 4]}
151: {(3, 7): [3, 1, 5, 7], (7, 14): [7, 9, 8, 14], (7, 4): [7, 7, 7, 9, 4]}
152: {(3, 7): [3, 6, 5, 7], (7, 14): [7, 9, 8, 14], (7, 4): [7, 7, 5, 4]}
153: {(3, 7): [3, 1, 5, 7], (7, 14): [7, 9, 8, 14], (7, 4): [7, 7, 7, 7]}
154: {(3, 7): [3, 1, 5, 7], (7, 14): [7, 9, 8, 14], (7, 4): [7, 5, 7, 7, 9, 4]}
155: {(3, 7): [3, 1, 5, 7], (7, 14): [7, 5, 8, 14], (7, 4): [7, 7, 5, 4]}
156: {(3, 7): [3, 1, 5, 7], (7, 14): [7, 5, 8, 14], (7, 4): [7, 7, 5, 4]}
157: {(3, 7): [3, 1, 5, 7], (7, 14): [7, 9, 8, 14], (7, 4): [7, 7, 5, 4]}
158: {(3, 7): [3, 1, 5, 7], (7, 14): [7, 5, 8, 14], (7, 4): [7, 9, 4]}
159: {(3, 7): [3, 1, 5, 7], (7, 14): [7, 9, 8, 14], (7, 4): [7, 7, 9, 4]}
160: {(3, 7): [3, 1, 5, 7], (7, 14): [7, 9, 8, 14], (7, 4): [7, 7, 9, 4]}
161: {(3, 7): [3, 1, 5, 7], (7, 14): [7, 5, 8, 14], (7, 4): [7, 7, 9, 4]}
162: {(3, 7): [3, 1, 5, 7], (7, 14): [7, 9, 8, 14], (7, 4): [7, 7, 7, 7, 9, 4]}
163: {(3, 7): [3, 1, 5, 7], (7, 14): [7, 5, 8, 14], (7, 4): [7, 7, 5, 4]}
164: {(3, 7): [3, 1, 5, 7], (7, 14): [7, 5, 8, 14], (7, 4): [7, 7, 5, 4]}
165: {(3, 7): [3, 1, 5, 7], (7, 14): [7, 9, 8, 14], (7, 4): [7, 9, 4]}
166: {(3, 7): [3, 1, 5, 7], (7, 14): [7, 9, 8, 14], (7, 4): [7, 9, 4]}
167: {(3, 7): [3, 1, 5, 7], (7, 14): [7, 5, 8, 14], (7, 4): [7, 7, 7, 7]}
168: {(3, 7): [3, 1, 5, 7], (7, 14): [7, 5, 8, 14], (7, 4): [7, 7, 9, 4]}
169: {(3, 7): [3, 1, 5, 7], (7, 14): [7, 5, 8, 14], (7, 4): [7, 7, 5, 4]}
170: {(3, 7): [3, 1, 5, 7], (7, 14): [7, 5, 8, 14], (7, 4): [7, 5, 4]}
171: {(3, 7): [3, 1, 5, 7], (7, 14): [7, 5, 8, 14], (7, 4): [7, 5, 4]}
172: {(3, 7): [3, 1, 5, 7], (7, 14): [7, 5, 8, 14], (7, 4): [7, 7, 7, 5, 4]}
173: {(3, 7): [3, 1, 5, 7], (7, 14): [7, 5, 8, 14], (7, 4): [7, 7, 5, 7, 7]}
174: {(3, 7): [3, 1, 5, 7], (7, 14): [7, 5, 8, 14], (7, 4): [7, 5, 4]}
175: {(3, 7): [3, 1, 5, 7], (7, 14): [7, 9, 8, 14], (7, 4): [7, 7, 9, 4]}
176: {(3, 7): [3, 1, 5, 7], (7, 14): [7, 5, 8, 14], (7, 4): [7, 7, 5, 4]}
177: {(3, 7): [3, 1, 5, 7], (7, 14): [7, 9, 8, 14], (7, 4): [7, 7, 7, 7]}
178: {(3, 7): [3, 1, 5, 7], (7, 14): [7, 5, 8, 14], (7, 4): [7, 5, 4]}
179: {(3, 7): [3, 1, 5, 7], (7, 14): [7, 5, 8, 14], (7, 4): [7, 7, 9, 4]}
180: {(3, 7): [3, 1, 5, 7], (7, 14): [7, 9, 8, 14], (7, 4): [7, 7, 5, 4]}
181: {(3, 7): [3, 1, 5, 7], (7, 14): [7, 9, 8, 14], (7, 4): [7, 9, 4]}
182: {(3, 7): [3, 1, 5, 7], (7, 14): [7, 9, 8, 14], (7, 4): [7, 7, 9, 4]}
183: {(3, 7): [3, 1, 5, 7], (7, 14): [7, 5, 8, 14], (7, 4): [7, 7, 7, 7, 5, 4]}
184: {(3, 7): [3, 1, 5, 7], (7, 14): [7, 9, 8, 14], (7, 4): [7, 7, 9, 7, 5, 4]}
185: {(3, 7): [3, 1, 5, 7], (7, 14): [7, 5, 8, 14], (7, 4): [7, 7, 7, 5, 4]}
186: {(3, 7): [3, 1, 5, 7], (7, 14): [7, 5, 8, 14], (7, 4): [7, 5, 4]}
187: {(3, 7): [3, 1, 5, 7], (7, 14): [7, 9, 8, 14], (7, 4): [7, 7, 9, 4]}
188: {(3, 7): [3, 6, 5, 7], (7, 14): [7, 9, 8, 14], (7, 4): [7, 7, 7, 7]}
189: {(3, 7): [3, 1, 5, 7], (7, 14): [7, 9, 8, 14], (7, 4): [7, 7, 7, 7]}
190: {(3, 7): [3, 1, 5, 7], (7, 14): [7, 5, 8, 14], (7, 4): [7, 7, 5, 4]}
191: {(3, 7): [3, 6, 5, 7], (7, 14): [7, 9, 8, 14], (7, 4): [7, 7, 7, 7]}
192: {(3, 7): [3, 6, 5, 7], (7, 14): [7, 5, 8, 14], (7, 4): [7, 7, 5, 4]}
193: {(3, 7): [3, 6, 5, 7], (7, 14): [7, 5, 8, 14], (7, 4): [7, 7, 5, 4]}
194: {(3, 7): [3, 1, 5, 7], (7, 14): [7, 5, 8, 14], (7, 4): [7, 7, 7, 5, 4]}
195: {(3, 7): [3, 1, 5, 7], (7, 14): [7, 5, 8, 14], (7, 4): [7, 5, 7, 7, 7, 5, 4]}
196: {(3, 7): [3, 1, 5, 7], (7, 14): [7, 5, 8, 14], (7, 4): [7, 5, 4]}
197: {(3, 7): [3, 6, 5, 7], (7, 14): [7, 5, 8, 14], (7, 4): [7, 7, 5, 4]}
198: {(3, 7): [3, 1, 5, 7], (7, 14): [7, 5, 8, 14], (7, 4): [7, 5, 4]}
199: {(3, 7): [3, 6, 5, 7], (7, 14): [7, 9, 8, 14], (7, 4): [7, 9, 4]}
200: {(3, 7): [3, 6, 5, 7], (7, 14): [7, 5, 8, 14], (7, 4): [7, 9, 4]}
201: {(3, 7): [3, 1, 5, 7], (7, 14): [7, 5, 8, 14], (7, 4): [7, 7, 9, 7, 7]}
202: {(3, 7): [3, 1, 5, 7], (7, 14): [7, 5, 8, 14], (7, 4): [7, 7, 5, 7, 7, 5, 4]}
203: {(3, 7): [3, 6, 5, 7], (7, 14): [7, 5, 8, 14], (7, 4): [7, 5, 7, 7, 7, 5, 4]}
204: {(3, 7): [3, 1, 5, 7], (7, 14): [7, 5, 8, 14], (7, 4): [7, 7, 5, 4]}
205: {(3, 7): [3, 1, 5, 7], (7, 14): [7, 9, 8, 14], (7, 4): [7, 7, 7, 9, 4]}
206: {(3, 7): [3, 1, 5, 7], (7, 14): [7, 9, 8, 14], (7, 4): [7, 7, 7, 7]}
207: {(3, 7): [3, 1, 5, 7], (7, 14): [7, 5, 8, 14], (7, 4): [7, 5, 4]}
208: {(3, 7): [3, 1, 5, 7], (7, 14): [7, 5, 8, 14], (7, 4): [7, 7, 5, 7, 7, 5, 4]}
209: {(3, 7): [3, 1, 5, 7], (7, 14): [7, 9, 8, 14], (7, 4): [7, 9, 4]}
210: {(3, 7): [3, 1, 5, 7], (7, 14): [7, 9, 8, 14], (7, 4): [7, 7, 7, 9, 4]}
211: {(3, 7): [3, 6, 5, 7], (7, 14): [7, 5, 8, 14], (7, 4): [7, 7, 5, 4]}
212: {(3, 7): [3, 1, 5, 7], (7, 14): [7, 5, 8, 14], (7, 4): [7, 5, 4]}
213: {(3, 7): [3, 1, 5, 7], (7, 14): [7, 9, 8, 14], (7, 4): [7, 7, 9, 4]}
214: {(3, 7): [3, 1, 5, 7], (7, 14): [7, 5, 8, 14], (7, 4): [7, 7, 7, 7]}
215: {(3, 7): [3, 1, 5, 7], (7, 14): [7, 5, 8, 14], (7, 4): [7, 7, 7, 7]}
216: {(3, 7): [3, 1, 5, 7], (7, 14): [7, 9, 8, 14], (7, 4): [7, 9, 4]}
217: {(3, 7): [3, 1, 5, 7], (7, 14): [7, 9, 8, 14], (7, 4): [7, 7, 7, 9, 4]}
218: {(3, 7): [3, 1, 5, 7], (7, 14): [7, 9, 8, 14], (7, 4): [7, 9, 4]}
219: {(3, 7): [3, 1, 5, 7], (7, 14): [7, 5, 8, 14], (7, 4): [7, 7, 7, 7]}
220: {(3, 7): [3, 1, 5, 7], (7, 14): [7, 5, 8, 14], (7, 4): [7, 7, 7, 7]}
221: {(3, 7): [3, 1, 5, 7], (7, 14): [7, 9, 8, 14], (7, 4): [7, 7, 7, 9, 7]}
222: {(3, 7): [3, 1, 5, 7], (7, 14): [7, 9, 8, 14], (7, 4): [7, 7, 7, 9, 4]}
223: {(3, 7): [3, 1, 5, 7], (7, 14): [7, 9, 8, 14], (7, 4): [7, 9, 4]}
224: {(3, 7): [3, 1, 5, 7], (7, 14): [7, 5, 8, 14], (7, 4): [7, 7, 5, 4]}
225: {(3, 7): [3, 1, 5, 7], (7, 14): [7, 5, 8, 14], (7, 4): [7, 7, 7, 7, 5, 4]}
226: {(3, 7): [3, 1, 5, 7], (7, 14): [7, 9, 8, 14], (7, 4): [7, 7, 9, 7, 7]}
227: {(3, 7): [3, 1, 5, 7], (7, 14): [7, 9, 8, 14], (7, 4): [7, 7, 7, 7]}
228: {(3, 7): [3, 1, 5, 7], (7, 14): [7, 5, 8, 14], (7, 4): [7, 9, 7, 7, 7, 9]}
229: {(3, 7): [3, 1, 5, 7], (7, 14): [7, 5, 8, 14], (7, 4): [7, 7, 7, 5, 4]}
230: {(3, 7): [3, 1, 5, 7], (7, 14): [7, 9, 8, 14], (7, 4): [7, 7, 9, 4]}
231: {(3, 7): [3, 1, 5, 7], (7, 14): [7, 9, 8, 14], (7, 4): [7, 7, 9, 4]}
232: {(3, 7): [3, 1, 5, 7], (7, 14): [7, 5, 8, 14], (7, 4): [7, 5, 4]}
233: {(3, 7): [3, 1, 5, 7], (7, 14): [7, 9, 8, 14], (7, 4): [7, 7, 7, 9, 4]}
234: {(3, 7): [3, 1, 5, 7], (7, 14): [7, 9, 8, 14], (7, 4): [7, 7, 9, 4]}
235: {(3, 7): [3, 1, 5, 7], (7, 14): [7, 9, 8, 14], (7, 4): [7, 7, 9, 4]}
236: {(3, 7): [3, 1, 5, 7], (7, 14): [7, 9, 8, 14], (7, 4): [7, 7, 9, 4]}
237: {(3, 7): [3, 1, 5, 7], (7, 14): [7, 9, 8, 14], (7, 4): [7, 7, 7, 7]}
238: {(3, 7): [3, 1, 5, 7], (7, 14): [7, 9, 8, 14], (7, 4): [7, 7, 7, 9, 4]}
239: {(3, 7): [3, 6, 5, 7], (7, 14): [7, 9, 8, 14], (7, 4): [7, 7, 9, 7, 7, 9, 4]}
240: {(3, 7): [3, 1, 5, 7], (7, 14): [7, 5, 8, 14], (7, 4): [7, 7, 9, 7, 9, 4]}
241: {(3, 7): [3, 6, 5, 7], (7, 14): [7, 9, 8, 14], (7, 4): [7, 5, 4]}
242: {(3, 7): [3, 1, 5, 7], (7, 14): [7, 9, 8, 14], (7, 4): [7, 7, 7, 7]}
243: {(3, 7): [3, 1, 5, 7], (7, 14): [7, 9, 8, 14], (7, 4): [7, 7, 9, 4]}
244: {(3, 7): [3, 1, 5, 7], (7, 14): [7, 9, 8, 14], (7, 4): [7, 9, 7, 9, 4]}
245: {(3, 7): [3, 1, 5, 7], (7, 14): [7, 9, 8, 14], (7, 4): [7, 7, 9, 4]}
246: {(3, 7): [3, 1, 5, 7], (7, 14): [7, 9, 8, 14], (7, 4): [7, 7, 7, 9, 4]}
247: {(3, 7): [3, 6, 5, 7], (7, 14): [7, 5, 8, 14], (7, 4): [7, 7, 5, 4]}
248: {(3, 7): [3, 6, 5, 7], (7, 14): [7, 9, 8, 14], (7, 4): [7, 7, 5, 4]}
249: {(3, 7): [3, 6, 5, 7], (7, 14): [7, 9, 8, 14], (7, 4): [7, 7, 9, 4]}
250: {(3, 7): [3, 1, 5, 7], (7, 14): [7, 9, 8, 14], (7, 4): [7, 9, 4]}
251: {(3, 7): [3, 6, 5, 7], (7, 14): [7, 5, 8, 14], (7, 4): [7, 7, 5, 4]}
252: {(3, 7): [3, 1, 5, 7], (7, 14): [7, 9, 8, 14], (7, 4): [7, 9, 4]}
253: {(3, 7): [3, 6, 5, 7], (7, 14): [7, 9, 8, 14], (7, 4): [7, 7, 5, 4]}
254: {(3, 7): [3, 1, 5, 7], (7, 14): [7, 5, 8, 14], (7, 4): [7, 7, 7, 5, 4]}
255: {(3, 7): [3, 6, 5, 7], (7, 14): [7, 9, 8, 14], (7, 4): [7, 7, 7, 9, 4]}
256: {(3, 7): [3, 1, 5, 7], (7, 14): [7, 5, 8, 14], (7, 4): [7, 5, 4]}
257: {(3, 7): [3, 1, 5, 7], (7, 14): [7, 5, 8, 14], (7, 4): [7, 7, 7, 7]}
258: {(3, 7): [3, 1, 5, 7], (7, 14): [7, 9, 8, 14], (7, 4): [7, 9, 4]}
259: {(3, 7): [3, 1, 5, 7], (7, 14): [7, 9, 8, 14], (7, 4): [7, 7, 7, 7]}
260: {(3, 7): [3, 1, 5, 7], (7, 14): [7, 9, 8, 14], (7, 4): [7, 7, 5, 4]}
261: {(3, 7): [3, 1, 5, 7], (7, 14): [7, 9, 8, 14], (7, 4): [7, 7, 5, 4]}
262: {(3, 7): [3, 1, 5, 7], (7, 14): [7, 9, 8, 14], (7, 4): [7, 7, 7, 7, 9, 4]}
263: {(3, 7): [3, 1, 5, 7], (7, 14): [7, 9, 8, 14], (7, 4): [7, 7, 9, 4]}
264: {(3, 7): [3, 1, 5, 7], (7, 14): [7, 5, 8, 14], (7, 4): [7, 9, 4]}
265: {(3, 7): [3, 1, 5, 7], (7, 14): [7, 5, 8, 14], (7, 4): [7, 9, 4]}
266: {(3, 7): [3, 1, 5, 7], (7, 14): [7, 9, 8, 14], (7, 4): [7, 7, 7, 9, 4]}
267: {(3, 7): [3, 1, 5, 7], (7, 14): [7, 9, 8, 14], (7, 4): [7, 9, 4]}
268: {(3, 7): [3, 1, 5, 7], (7, 14): [7, 5, 8, 14], (7, 4): [7, 7, 9, 4]}
269: {(3, 7): [3, 1, 5, 7], (7, 14): [7, 5, 8, 14], (7, 4): [7, 7, 9, 4]}
270: {(3, 7): [3, 1, 5, 7], (7, 14): [7, 9, 8, 14], (7, 4): [7, 7, 9, 4]}
271: {(3, 7): [3, 1, 5, 7], (7, 14): [7, 9, 8, 14], (7, 4): [7, 7, 7, 7]}
272: {(3, 7): [3, 1, 5, 7], (7, 14): [7, 9, 8, 14], (7, 4): [7, 9, 4]}
273: {(3, 7): [3, 1, 5, 7], (7, 14): [7, 9, 8, 14], (7, 4): [7, 7, 7, 7, 9, 4]}
274: {(3, 7): [3, 1, 5, 7], (7, 14): [7, 5, 8, 14], (7, 4): [7, 5, 4]}
275: {(3, 7): [3, 1, 5, 7], (7, 14): [7, 9, 8, 14], (7, 4): [7, 7, 7, 7, 9, 4]}
276: {(3, 7): [3, 1, 5, 7], (7, 14): [7, 9, 8, 14], (7, 4): [7, 7, 7, 9, 4]}
277: {(3, 7): [3, 1, 5, 7], (7, 14): [7, 9, 8, 14], (7, 4): [7, 7, 9, 4]}
278: {(3, 7): [3, 1, 5, 7], (7, 14): [7, 9, 8, 14], (7, 4): [7, 7, 9, 4]}
279: {(3, 7): [3, 1, 5, 7], (7, 14): [7, 5, 8, 14], (7, 4): [7, 7, 7, 7, 5, 4]}
280: {(3, 7): [3, 1, 5, 7], (7, 14): [7, 9, 8, 14], (7, 4): [7, 7, 9, 7, 9, 4]}
281: {(3, 7): [3, 1, 5, 7], (7, 14): [7, 9, 8, 14], (7, 4): [7, 7, 7, 7]}
282: {(3, 7): [3, 1, 5, 7], (7, 14): [7, 5, 8, 14], (7, 4): [7, 7, 7, 5, 4]}
283: {(3, 7): [3, 1, 5, 7], (7, 14): [7, 9, 8, 14], (7, 4): [7, 7, 7, 7]}
284: {(3, 7): [3, 6, 5, 7], (7, 14): [7, 5, 8, 14], (7, 4): [7, 7, 7, 7]}
285: {(3, 7): [3, 6, 5, 7], (7, 14): [7, 9, 8, 14], (7, 4): [7, 7, 9, 4]}
286: {(3, 7): [3, 1, 5, 7], (7, 14): [7, 9, 8, 14], (7, 4): [7, 7, 7, 7]}
287: {(3, 7): [3, 1, 5, 7], (7, 14): [7, 5, 8, 14], (7, 4): [7, 9, 4]}
288: {(3, 7): [3, 1, 5, 7], (7, 14): [7, 9, 8, 14], (7, 4): [7, 5, 4]}
289: {(3, 7): [3, 1, 5, 7], (7, 14): [7, 5, 8, 14], (7, 4): [7, 7, 5, 7, 5, 4]}
290: {(3, 7): [3, 6, 5, 7], (7, 14): [7, 5, 8, 14], (7, 4): [7, 5, 4]}
291: {(3, 7): [3, 1, 5, 7], (7, 14): [7, 5, 8, 14], (7, 4): [7, 9, 4]}
292: {(3, 7): [3, 1, 5, 7], (7, 14): [7, 9, 8, 14], (7, 4): [7, 7, 7, 9, 4]}
293: {(3, 7): [3, 1, 5, 7], (7, 14): [7, 5, 8, 14], (7, 4): [7, 7, 7, 7, 9, 4]}
294: {(3, 7): [3, 6, 5, 7], (7, 14): [7, 5, 8, 14], (7, 4): [7, 7, 9, 4]}
295: {(3, 7): [3, 1, 5, 7], (7, 14): [7, 9, 8, 14], (7, 4): [7, 9, 4]}
296: {(3, 7): [3, 1, 5, 7], (7, 14): [7, 5, 8, 14], (7, 4): [7, 7, 5, 4]}
297: {(3, 7): [3, 1, 5, 7], (7, 14): [7, 9, 8, 14], (7, 4): [7, 7, 7, 7]}
298: {(3, 7): [3, 1, 5, 7], (7, 14): [7, 9, 8, 14], (7, 4): [7, 9, 4]}
299: {(3, 7): [3, 6, 5, 7], (7, 14): [7, 5, 8, 14], (7, 4): [7, 5, 4]}
300: {(3, 7): [3, 6, 5, 7], (7, 14): [7, 5, 8, 14], (7, 4): [7, 7, 7, 7, 5, 4]}
301: {(3, 7): [3, 6, 5, 7], (7, 14): [7, 9, 8, 14], (7, 4): [7, 7, 7, 7, 5, 4]}
302: {(3, 7): [3, 6, 5, 7], (7, 14): [7, 9, 8, 14], (7, 4): [7, 5, 4]}
303: {(3, 7): [3, 6, 5, 7], (7, 14): [7, 5, 8, 14], (7, 4): [7, 5, 4]}
304: {(3, 7): [3, 6, 5, 7], (7, 14): [7, 5, 8, 14], (7, 4): [7, 5, 4]}
305: {(3, 7): [3, 6, 5, 7], (7, 14): [7, 5, 8, 14], (7, 4): [7, 7, 7, 5, 4]}
306: {(3, 7): [3, 6, 5, 7], (7, 14): [7, 5, 8, 14], (7, 4): [7, 7, 7, 7]}
307: {(3, 7): [3, 6, 5, 7], (7, 14): [7, 5, 8, 14], (7, 4): [7, 5, 4]}
308: {(3, 7): [3, 6, 5, 7], (7, 14): [7, 5, 8, 14], (7, 4): [7, 7, 7, 5, 4]}
309: {(3, 7): [3, 6, 5, 7], (7, 14): [7, 5, 8, 14], (7, 4): [7, 5, 4]}
310: {(3, 7): [3, 6, 5, 7], (7, 14): [7, 9, 8, 14], (7, 4): [7, 9, 4]}
311: {(3, 7): [3, 6, 5, 7], (7, 14): [7, 9, 8, 14], (7, 4): [7, 7, 7, 7]}
312: {(3, 7): [3, 6, 5, 7], (7, 14): [7, 5, 8, 14], (7, 4): [7, 5, 4]}
313: {(3, 7): [3, 6, 5, 7], (7, 14): [7, 5, 8, 14], (7, 4): [7, 5, 4]}
314: {(3, 7): [3, 6, 5, 7], (7, 14): [7, 9, 8, 14], (7, 4): [7, 7, 5, 4]}
315: {(3, 7): [3, 6, 5, 7], (7, 14): [7, 5, 8, 14], (7, 4): [7, 5, 4]}
316: {(3, 7): [3, 6, 5, 7], (7, 14): [7, 9, 8, 14], (7, 4): [7, 9, 4]}
317: {(3, 7): [3, 6, 5, 7], (7, 14): [7, 9, 8, 14], (7, 4): [7, 7, 9, 4]}
318: {(3, 7): [3, 6, 5, 7], (7, 14): [7, 5, 8, 14], (7, 4): [7, 7, 7, 7, 5, 4]}
319: {(3, 7): [3, 6, 5, 7], (7, 14): [7, 5, 8, 14], (7, 4): [7, 5, 4]}
320: {(3, 7): [3, 6, 5, 7], (7, 14): [7, 5, 8, 14], (7, 4): [7, 7, 7, 9, 4]}
321: {(3, 7): [3, 6, 5, 7], (7, 14): [7, 5, 8, 14], (7, 4): [7, 7, 7, 7]}
322: {(3, 7): [3, 6, 5, 7], (7, 14): [7, 5, 8, 14], (7, 4): [7, 5, 4]}
323: {(3, 7): [3, 6, 5, 7], (7, 14): [7, 5, 8, 14], (7, 4): [7, 7, 5, 4]}
324: {(3, 7): [3, 6, 5, 7], (7, 14): [7, 5, 8, 14], (7, 4): [7, 7, 5, 4]}
325: {(3, 7): [3, 6, 5, 7], (7, 14): [7, 5, 8, 14], (7, 4): [7, 7, 5, 4]}
326: {(3, 7): [3, 6, 5, 7], (7, 14): [7, 9, 8, 14], (7, 4): [7, 9, 4]}
327: {(3, 7): [3, 6, 5, 7], (7, 14): [7, 5, 8, 14], (7, 4): [7, 7, 5, 4]}
328: {(3, 7): [3, 1, 5, 7], (7, 14): [7, 9, 8, 14], (7, 4): [7, 7, 7, 5, 4]}
329: {(3, 7): [3, 1, 5, 7], (7, 14): [7, 5, 8, 14], (7, 4): [7, 7, 5, 4]}
330: {(3, 7): [3, 6, 5, 7], (7, 14): [7, 5, 8, 14], (7, 4): [7, 5, 4]}
331: {(3, 7): [3, 1, 5, 7], (7, 14): [7, 5, 8, 14], (7, 4): [7, 5, 4]}
332: {(3, 7): [3, 1, 5, 7], (7, 14): [7, 5, 8, 14], (7, 4): [7, 5, 4]}
333: {(3, 7): [3, 6, 5, 7], (7, 14): [7, 9, 8, 14], (7, 4): [7, 7, 9, 4]}
334: {(3, 7): [3, 6, 5, 7], (7, 14): [7, 9, 8, 14], (7, 4): [7, 9, 4]}
335: {(3, 7): [3, 1, 5, 7], (7, 14): [7, 9, 8, 14], (7, 4): [7, 7, 7, 7, 9, 4]}
336: {(3, 7): [3, 6, 5, 7], (7, 14): [7, 9, 8, 14], (7, 4): [7, 7, 9, 4]}
337: {(3, 7): [3, 1, 5, 7], (7, 14): [7, 5, 8, 14], (7, 4): [7, 7, 5, 4]}
338: {(3, 7): [3, 1, 5, 7], (7, 14): [7, 9, 8, 14], (7, 4): [7, 7, 9, 4]}
339: {(3, 7): [3, 6, 5, 7], (7, 14): [7, 5, 8, 14], (7, 4): [7, 7, 9, 4]}
340: {(3, 7): [3, 1, 5, 7], (7, 14): [7, 9, 8, 14], (7, 4): [7, 7, 7, 5, 4]}
341: {(3, 7): [3, 6, 5, 7], (7, 14): [7, 9, 8, 14], (7, 4): [7, 5, 4]}
342: {(3, 7): [3, 6, 5, 7], (7, 14): [7, 5, 8, 14], (7, 4): [7, 7, 9, 4]}
343: {(3, 7): [3, 6, 5, 7], (7, 14): [7, 9, 8, 14], (7, 4): [7, 9, 4]}
344: {(3, 7): [3, 1, 5, 7], (7, 14): [7, 9, 8, 14], (7, 4): [7, 7, 5, 4]}
345: {(3, 7): [3, 6, 5, 7], (7, 14): [7, 5, 8, 14], (7, 4): [7, 7, 7, 5, 4]}
346: {(3, 7): [3, 6, 5, 7], (7, 14): [7, 5, 8, 14], (7, 4): [7, 5, 7, 7, 7]}
347: {(3, 7): [3, 1, 5, 7], (7, 14): [7, 5, 8, 14], (7, 4): [7, 9, 4]}
348: {(3, 7): [3, 6, 5, 7], (7, 14): [7, 9, 8, 14], (7, 4): [7, 7, 5, 7, 7, 5, 4]}
349: {(3, 7): [3, 6, 5, 7], (7, 14): [7, 5, 8, 14], (7, 4): [7, 7, 7, 5, 4]}
350: {(3, 7): [3, 6, 5, 7], (7, 14): [7, 5, 8, 14], (7, 4): [7, 7, 7, 7]}
351: {(3, 7): [3, 6, 5, 7], (7, 14): [7, 9, 8, 14], (7, 4): [7, 9, 4]}
352: {(3, 7): [3, 6, 5, 7], (7, 14): [7, 9, 8, 14], (7, 4): [7, 7, 7, 9, 4]}
353: {(3, 7): [3, 6, 5, 7], (7, 14): [7, 5, 8, 14], (7, 4): [7, 7, 5, 4]}
354: {(3, 7): [3, 6, 5, 7], (7, 14): [7, 5, 8, 14], (7, 4): [7, 5, 7, 7, 7]}
355: {(3, 7): [3, 6, 5, 7], (7, 14): [7, 5, 8, 14], (7, 4): [7, 7, 7, 5, 4]}
356: {(3, 7): [3, 6, 5, 7], (7, 14): [7, 9, 8, 14], (7, 4): [7, 7, 7, 7]}
357: {(3, 7): [3, 6, 5, 7], (7, 14): [7, 9, 8, 14], (7, 4): [7, 9, 4]}
358: {(3, 7): [3, 6, 5, 7], (7, 14): [7, 5, 8, 14], (7, 4): [7, 5, 4]}
359: {(3, 7): [3, 6, 5, 7], (7, 14): [7, 5, 8, 14], (7, 4): [7, 7, 5, 4]}
360: {(3, 7): [3, 6, 5, 7], (7, 14): [7, 5, 8, 14], (7, 4): [7, 7, 7, 5, 4]}
361: {(3, 7): [3, 6, 5, 7], (7, 14): [7, 9, 8, 14], (7, 4): [7, 7, 9, 4]}
362: {(3, 7): [3, 1, 5, 7], (7, 14): [7, 9, 8, 14], (7, 4): [7, 5, 4]}
363: {(3, 7): [3, 6, 5, 7], (7, 14): [7, 5, 8, 14], (7, 4): [7, 7, 7, 7]}
364: {(3, 7): [3, 6, 5, 7], (7, 14): [7, 5, 8, 14], (7, 4): [7, 5, 4]}
365: {(3, 7): [3, 6, 5, 7], (7, 14): [7, 5, 8, 14], (7, 4): [7, 5, 4]}
366: {(3, 7): [3, 6, 5, 7], (7, 14): [7, 9, 8, 14], (7, 4): [7, 7, 7, 7, 9, 4]}
367: {(3, 7): [3, 6, 5, 7], (7, 14): [7, 5, 8, 14], (7, 4): [7, 5, 7, 5, 4]}
368: {(3, 7): [3, 6, 5, 7], (7, 14): [7, 5, 8, 14], (7, 4): [7, 7, 7, 5, 4]}
369: {(3, 7): [3, 6, 5, 7], (7, 14): [7, 5, 8, 14], (7, 4): [7, 7, 5, 4]}
370: {(3, 7): [3, 6, 5, 7], (7, 14): [7, 9, 8, 14], (7, 4): [7, 7, 7, 7]}
371: {(3, 7): [3, 6, 5, 7], (7, 14): [7, 9, 8, 14], (7, 4): [7, 7, 7, 7]}
372: {(3, 7): [3, 6, 5, 7], (7, 14): [7, 9, 8, 14], (7, 4): [7, 9, 4]}
373: {(3, 7): [3, 6, 5, 7], (7, 14): [7, 5, 8, 14], (7, 4): [7, 7, 5, 4]}
374: {(3, 7): [3, 6, 5, 7], (7, 14): [7, 5, 8, 14], (7, 4): [7, 7, 7, 7, 9, 4]}
375: {(3, 7): [3, 6, 5, 7], (7, 14): [7, 9, 8, 14], (7, 4): [7, 7, 7, 9, 4]}
376: {(3, 7): [3, 6, 5, 7], (7, 14): [7, 5, 8, 14], (7, 4): [7, 7, 5, 4]}
377: {(3, 7): [3, 6, 5, 7], (7, 14): [7, 5, 8, 14], (7, 4): [7, 7, 9, 4]}
378: {(3, 7): [3, 6, 5, 7], (7, 14): [7, 9, 8, 14], (7, 4): [7, 9, 4]}
379: {(3, 7): [3, 6, 5, 7], (7, 14): [7, 9, 8, 14], (7, 4): [7, 9, 4]}
380: {(3, 7): [3, 6, 5, 7], (7, 14): [7, 5, 8, 14], (7, 4): [7, 7, 5, 4]}
381: {(3, 7): [3, 6, 5, 7], (7, 14): [7, 5, 8, 14], (7, 4): [7, 7, 5, 4]}
382: {(3, 7): [3, 6, 5, 7], (7, 14): [7, 9, 8, 14], (7, 4): [7, 7, 7, 7, 9, 4]}
383: {(3, 7): [3, 6, 5, 7], (7, 14): [7, 9, 8, 14], (7, 4): [7, 9, 4]}
384: {(3, 7): [3, 6, 5, 7], (7, 14): [7, 9, 8, 14], (7, 4): [7, 7, 7, 5, 4]}
385: {(3, 7): [3, 6, 5, 7], (7, 14): [7, 5, 8, 14], (7, 4): [7, 5, 4]}
386: {(3, 7): [3, 1, 5, 7], (7, 14): [7, 9, 8, 14], (7, 4): [7, 7, 7, 9, 4]}
387: {(3, 7): [3, 1, 5, 7], (7, 14): [7, 9, 8, 14], (7, 4): [7, 9, 4]}
388: {(3, 7): [3, 1, 5, 7], (7, 14): [7, 9, 8, 14], (7, 4): [7, 9, 4]}
389: {(3, 7): [3, 1, 5, 7], (7, 14): [7, 9, 8, 14], (7, 4): [7, 9, 4]}
390: {(3, 7): [3, 1, 5, 7], (7, 14): [7, 5, 8, 14], (7, 4): [7, 7, 5, 4]}
391: {(3, 7): [3, 1, 5, 7], (7, 14): [7, 9, 8, 14], (7, 4): [7, 9, 4]}
392: {(3, 7): [3, 1, 5, 7], (7, 14): [7, 9, 8, 14], (7, 4): [7, 5, 4]}
393: {(3, 7): [3, 1, 5, 7], (7, 14): [7, 5, 8, 14], (7, 4): [7, 7, 9, 4]}
394: {(3, 7): [3, 1, 5, 7], (7, 14): [7, 9, 8, 14], (7, 4): [7, 7, 5, 4]}
395: {(3, 7): [3, 1, 5, 7], (7, 14): [7, 5, 8, 14], (7, 4): [7, 5, 4]}
396: {(3, 7): [3, 1, 5, 7], (7, 14): [7, 9, 8, 14], (7, 4): [7, 5, 4]}
397: {(3, 7): [3, 1, 5, 7], (7, 14): [7, 9, 8, 14], (7, 4): [7, 7, 7, 7, 9, 4]}
398: {(3, 7): [3, 1, 5, 7], (7, 14): [7, 9, 8, 14], (7, 4): [7, 9, 4]}
399: {(3, 7): [3, 1, 5, 7], (7, 14): [7, 9, 8, 14], (7, 4): [7, 7, 9, 4]}
400: {(3, 7): [3, 1, 5, 7], (7, 14): [7, 9, 8, 14], (7, 4): [7, 9, 4]}
401: {(3, 7): [3, 1, 5, 7], (7, 14): [7, 9, 8, 14], (7, 4): [7, 7, 7, 7]}
402: {(3, 7): [3, 1, 5, 7], (7, 14): [7, 9, 8, 14], (7, 4): [7, 7, 9, 4]}
403: {(3, 7): [3, 1, 5, 7], (7, 14): [7, 9, 8, 14], (7, 4): [7, 7, 7, 9, 7]}
404: {(3, 7): [3, 1, 5, 7], (7, 14): [7, 9, 8, 14], (7, 4): [7, 5, 4]}
405: {(3, 7): [3, 1, 5, 7], (7, 14): [7, 5, 8, 14], (7, 4): [7, 7, 7, 5, 4]}
406: {(3, 7): [3, 1, 5, 7], (7, 14): [7, 5, 8, 14], (7, 4): [7, 5, 4]}
407: {(3, 7): [3, 1, 5, 7], (7, 14): [7, 9, 8, 14], (7, 4): [7, 9, 7, 7, 7, 9, 4]}
408: {(3, 7): [3, 1, 5, 7], (7, 14): [7, 5, 8, 14], (7, 4): [7, 7, 7, 9, 4]}
409: {(3, 7): [3, 1, 5, 7], (7, 14): [7, 5, 8, 14], (7, 4): [7, 7, 7, 5, 4]}
410: {(3, 7): [3, 1, 5, 7], (7, 14): [7, 9, 8, 14], (7, 4): [7, 9, 4]}
411: {(3, 7): [3, 1, 5, 7], (7, 14): [7, 9, 8, 14], (7, 4): [7, 7, 9, 4]}
412: {(3, 7): [3, 1, 5, 7], (7, 14): [7, 5, 8, 14], (7, 4): [7, 7, 7, 5, 4]}
413: {(3, 7): [3, 1, 5, 7], (7, 14): [7, 5, 8, 14], (7, 4): [7, 5, 4]}
414: {(3, 7): [3, 1, 5, 7], (7, 14): [7, 5, 8, 14], (7, 4): [7, 7, 5, 4]}
415: {(3, 7): [3, 6, 5, 7], (7, 14): [7, 9, 8, 14], (7, 4): [7, 7, 7, 7]}
416: {(3, 7): [3, 1, 5, 7], (7, 14): [7, 9, 8, 14], (7, 4): [7, 9, 7, 7, 9, 4]}
417: {(3, 7): [3, 1, 5, 7], (7, 14): [7, 5, 8, 14], (7, 4): [7, 5, 4]}
418: {(3, 7): [3, 6, 5, 7], (7, 14): [7, 9, 8, 14], (7, 4): [7, 5, 4]}
419: {(3, 7): [3, 1, 5, 7], (7, 14): [7, 9, 8, 14], (7, 4): [7, 7, 9, 7, 7]}
420: {(3, 7): [3, 6, 5, 7], (7, 14): [7, 9, 8, 14], (7, 4): [7, 7, 7, 9, 4]}
421: {(3, 7): [3, 6, 5, 7], (7, 14): [7, 5, 8, 14], (7, 4): [7, 7, 7, 7, 5, 4]}
422: {(3, 7): [3, 6, 5, 7], (7, 14): [7, 5, 8, 14], (7, 4): [7, 7, 7, 5, 4]}
423: {(3, 7): [3, 6, 5, 7], (7, 14): [7, 9, 8, 14], (7, 4): [7, 9, 4]}
424: {(3, 7): [3, 1, 5, 7], (7, 14): [7, 9, 8, 14], (7, 4): [7, 7, 7, 7, 9, 4]}
425: {(3, 7): [3, 1, 5, 7], (7, 14): [7, 5, 8, 14], (7, 4): [7, 7, 5, 4]}
426: {(3, 7): [3, 1, 5, 7], (7, 14): [7, 5, 8, 14], (7, 4): [7, 5, 4]}
427: {(3, 7): [3, 1, 5, 7], (7, 14): [7, 9, 8, 14], (7, 4): [7, 7, 7, 7]}
428: {(3, 7): [3, 1, 5, 7], (7, 14): [7, 5, 8, 14], (7, 4): [7, 5, 4]}
429: {(3, 7): [3, 1, 5, 7], (7, 14): [7, 5, 8, 14], (7, 4): [7, 7, 7, 7]}
430: {(3, 7): [3, 1, 5, 7], (7, 14): [7, 5, 8, 14], (7, 4): [7, 7, 9, 7, 9, 4]}
431: {(3, 7): [3, 1, 5, 7], (7, 14): [7, 9, 8, 14], (7, 4): [7, 7, 7, 9, 4]}
432: {(3, 7): [3, 1, 5, 7], (7, 14): [7, 9, 8, 14], (7, 4): [7, 7, 9, 4]}
433: {(3, 7): [3, 1, 5, 7], (7, 14): [7, 5, 8, 14], (7, 4): [7, 7, 7, 5, 4]}
434: {(3, 7): [3, 6, 5, 7], (7, 14): [7, 5, 8, 14], (7, 4): [7, 9, 4]}
435: {(3, 7): [3, 1, 5, 7], (7, 14): [7, 9, 8, 14], (7, 4): [7, 7, 7, 9, 4]}
436: {(3, 7): [3, 6, 5, 7], (7, 14): [7, 9, 8, 14], (7, 4): [7, 9, 4]}
437: {(3, 7): [3, 6, 5, 7], (7, 14): [7, 5, 8, 14], (7, 4): [7, 5, 4]}
438: {(3, 7): [3, 6, 5, 7], (7, 14): [7, 5, 8, 14], (7, 4): [7, 7, 7, 5, 4]}
439: {(3, 7): [3, 6, 5, 7], (7, 14): [7, 9, 8, 14], (7, 4): [7, 9, 4]}
440: {(3, 7): [3, 6, 5, 7], (7, 14): [7, 9, 8, 14], (7, 4): [7, 7, 7, 9, 4]}
441: {(3, 7): [3, 1, 5, 7], (7, 14): [7, 9, 8, 14], (7, 4): [7, 9, 4]}
442: {(3, 7): [3, 1, 5, 7], (7, 14): [7, 5, 8, 14], (7, 4): [7, 5, 4]}
443: {(3, 7): [3, 1, 5, 7], (7, 14): [7, 9, 8, 14], (7, 4): [7, 7, 9, 4]}
444: {(3, 7): [3, 1, 5, 7], (7, 14): [7, 9, 8, 14], (7, 4): [7, 9, 4]}
445: {(3, 7): [3, 1, 5, 7], (7, 14): [7, 9, 8, 14], (7, 4): [7, 7, 9, 4]}
446: {(3, 7): [3, 6, 5, 7], (7, 14): [7, 5, 8, 14], (7, 4): [7, 5, 4]}
447: {(3, 7): [3, 1, 5, 7], (7, 14): [7, 5, 8, 14], (7, 4): [7, 7, 5, 4]}
448: {(3, 7): [3, 1, 5, 7], (7, 14): [7, 9, 8, 14], (7, 4): [7, 7, 9, 4]}
449: {(3, 7): [3, 1, 5, 7], (7, 14): [7, 5, 8, 14], (7, 4): [7, 7, 9, 4]}
450: {(3, 7): [3, 6, 5, 7], (7, 14): [7, 5, 8, 14], (7, 4): [7, 7, 7, 7, 5]}
451: {(3, 7): [3, 6, 5, 7], (7, 14): [7, 5, 8, 14], (7, 4): [7, 7, 5, 4]}
452: {(3, 7): [3, 6, 5, 7], (7, 14): [7, 9, 8, 14], (7, 4): [7, 7, 7, 9, 4]}
453: {(3, 7): [3, 6, 5, 7], (7, 14): [7, 9, 8, 14], (7, 4): [7, 7, 9, 4]}
454: {(3, 7): [3, 1, 5, 7], (7, 14): [7, 5, 8, 14], (7, 4): [7, 7, 7, 5, 4]}
455: {(3, 7): [3, 6, 5, 7], (7, 14): [7, 5, 8, 14], (7, 4): [7, 7, 5, 4]}
456: {(3, 7): [3, 6, 5, 7], (7, 14): [7, 9, 8, 14], (7, 4): [7, 7, 9, 4]}
457: {(3, 7): [3, 1, 5, 7], (7, 14): [7, 9, 8, 14], (7, 4): [7, 7, 9, 7, 7, 9, 4]}
458: {(3, 7): [3, 1, 5, 7], (7, 14): [7, 9, 8, 14], (7, 4): [7, 7, 9, 4]}
459: {(3, 7): [3, 1, 5, 7], (7, 14): [7, 5, 8, 14], (7, 4): [7, 7, 7, 7, 5, 4]}
460: {(3, 7): [3, 1, 5, 7], (7, 14): [7, 9, 8, 14], (7, 4): [7, 9, 4]}
461: {(3, 7): [3, 1, 5, 7], (7, 14): [7, 9, 8, 14], (7, 4): [7, 9, 4]}
462: {(3, 7): [3, 1, 5, 7], (7, 14): [7, 9, 8, 14], (7, 4): [7, 7, 9, 4]}
463: {(3, 7): [3, 1, 5, 7], (7, 14): [7, 9, 8, 14], (7, 4): [7, 9, 4]}
464: {(3, 7): [3, 1, 5, 7], (7, 14): [7, 9, 8, 14], (7, 4): [7, 7, 7, 7, 9, 4]}
465: {(3, 7): [3, 1, 5, 7], (7, 14): [7, 5, 8, 14], (7, 4): [7, 9, 4]}
466: {(3, 7): [3, 1, 5, 7], (7, 14): [7, 5, 8, 14], (7, 4): [7, 9, 4]}
467: {(3, 7): [3, 1, 5, 7], (7, 14): [7, 5, 8, 14], (7, 4): [7, 9, 4]}
468: {(3, 7): [3, 1, 5, 7], (7, 14): [7, 9, 8, 14], (7, 4): [7, 7, 9, 4]}
469: {(3, 7): [3, 1, 5, 7], (7, 14): [7, 9, 8, 14], (7, 4): [7, 7, 9, 4]}
470: {(3, 7): [3, 1, 5, 7], (7, 14): [7, 9, 8, 14], (7, 4): [7, 9, 4]}
471: {(3, 7): [3, 1, 5, 7], (7, 14): [7, 9, 8, 14], (7, 4): [7, 7, 7, 7]}
472: {(3, 7): [3, 1, 5, 7], (7, 14): [7, 9, 8, 14], (7, 4): [7, 9, 4]}
473: {(3, 7): [3, 1, 5, 7], (7, 14): [7, 9, 8, 14], (7, 4): [7, 9, 4]}
474: {(3, 7): [3, 1, 5, 7], (7, 14): [7, 9, 8, 14], (7, 4): [7, 9, 4]}
475: {(3, 7): [3, 1, 5, 7], (7, 14): [7, 9, 8, 14], (7, 4): [7, 9, 4]}
476: {(3, 7): [3, 1, 5, 7], (7, 14): [7, 9, 8, 14], (7, 4): [7, 7, 9, 4]}
477: {(3, 7): [3, 1, 5, 7], (7, 14): [7, 9, 8, 14], (7, 4): [7, 7, 5, 4]}
478: {(3, 7): [3, 1, 5, 7], (7, 14): [7, 9, 8, 14], (7, 4): [7, 7, 9, 4]}
479: {(3, 7): [3, 1, 5, 7], (7, 14): [7, 9, 8, 14], (7, 4): [7, 7, 9, 7, 9, 4]}
480: {(3, 7): [3, 1, 5, 7], (7, 14): [7, 9, 8, 14], (7, 4): [7, 9, 4]}
481: {(3, 7): [3, 1, 5, 7], (7, 14): [7, 5, 8, 14], (7, 4): [7, 7, 7, 7]}
482: {(3, 7): [3, 1, 5, 7], (7, 14): [7, 9, 8, 14], (7, 4): [7, 9, 4]}
483: {(3, 7): [3, 1, 5, 7], (7, 14): [7, 9, 8, 14], (7, 4): [7, 7, 7, 7, 9, 4]}
484: {(3, 7): [3, 1, 5, 7], (7, 14): [7, 9, 8, 14], (7, 4): [7, 7, 7, 7, 9, 4]}
485: {(3, 7): [3, 1, 5, 7], (7, 14): [7, 9, 8, 14], (7, 4): [7, 7, 7, 5, 4]}
486: {(3, 7): [3, 1, 5, 7], (7, 14): [7, 9, 8, 14], (7, 4): [7, 9, 4]}
487: {(3, 7): [3, 1, 5, 7], (7, 14): [7, 9, 8, 14], (7, 4): [7, 7, 7, 9, 4]}
488: {(3, 7): [3, 1, 5, 7], (7, 14): [7, 9, 8, 14], (7, 4): [7, 9, 4]}
489: {(3, 7): [3, 1, 5, 7], (7, 14): [7, 9, 8, 14], (7, 4): [7, 7, 9, 4]}
490: {(3, 7): [3, 1, 5, 7], (7, 14): [7, 9, 8, 14], (7, 4): [7, 9, 4]}
491: {(3, 7): [3, 1, 5, 7], (7, 14): [7, 9, 8, 14], (7, 4): [7, 5, 7, 7, 7, 9, 4]}
492: {(3, 7): [3, 1, 5, 7], (7, 14): [7, 9, 8, 14], (7, 4): [7, 7, 5, 4]}
493: {(3, 7): [3, 6, 5, 7], (7, 14): [7, 9, 8, 14], (7, 4): [7, 7, 7, 9, 4]}
494: {(3, 7): [3, 1, 5, 7], (7, 14): [7, 9, 8, 14], (7, 4): [7, 7, 7, 9, 4]}
495: {(3, 7): [3, 1, 5, 7], (7, 14): [7, 5, 8, 14], (7, 4): [7, 7, 5, 4]}
496: {(3, 7): [3, 1, 5, 7], (7, 14): [7, 9, 8, 14], (7, 4): [7, 7, 7, 9, 4]}
497: {(3, 7): [3, 6, 5, 7], (7, 14): [7, 9, 8, 14], (7, 4): [7, 7, 7, 5, 4]}
498: {(3, 7): [3, 6, 5, 7], (7, 14): [7, 5, 8, 14], (7, 4): [7, 7, 9, 4]}
499: {(3, 7): [3, 6, 5, 7], (7, 14): [7, 5, 8, 14], (7, 4): [7, 7, 5, 4]}
500: {(3, 7): [3, 6, 5, 7], (7, 14): [7, 9, 8, 14], (7, 4): [7, 7, 9, 4]}
501: {(3, 7): [3, 6, 5, 7], (7, 14): [7, 9, 8, 14], (7, 4): [7, 9, 4]}
502: {(3, 7): [3, 1, 5, 7], (7, 14): [7, 9, 8, 14], (7, 4): [7, 7, 7, 7, 9, 4]}
503: {(3, 7): [3, 1, 5, 7], (7, 14): [7, 5, 8, 14], (7, 4): [7, 7, 7, 5, 4]}
504: {(3, 7): [3, 1, 5, 7], (7, 14): [7, 5, 8, 14], (7, 4): [7, 5, 4]}
505: {(3, 7): [3, 1, 5, 7], (7, 14): [7, 9, 8, 14], (7, 4): [7, 9, 7, 9, 4]}
506: {(3, 7): [3, 1, 5, 7], (7, 14): [7, 9, 8, 14], (7, 4): [7, 9, 4]}
507: {(3, 7): [3, 1, 5, 7], (7, 14): [7, 5, 8, 14], (7, 4): [7, 7, 9, 4]}
508: {(3, 7): [3, 1, 5, 7], (7, 14): [7, 9, 8, 14], (7, 4): [7, 7, 9, 4]}
509: {(3, 7): [3, 6, 5, 7], (7, 14): [7, 5, 8, 14], (7, 4): [7, 5, 4]}
510: {(3, 7): [3, 6, 5, 7], (7, 14): [7, 9, 8, 14], (7, 4): [7, 9, 4]}
511: {(3, 7): [3, 6, 5, 7], (7, 14): [7, 9, 8, 14], (7, 4): [7, 9, 4]}
512: {(3, 7): [3, 1, 5, 7], (7, 14): [7, 9, 8, 14], (7, 4): [7, 7, 9, 4]}
513: {(3, 7): [3, 6, 5, 7], (7, 14): [7, 5, 8, 14], (7, 4): [7, 5, 4]}
514: {(3, 7): [3, 6, 5, 7], (7, 14): [7, 9, 8, 14], (7, 4): [7, 9, 4]}
515: {(3, 7): [3, 1, 5, 7], (7, 14): [7, 9, 8, 14], (7, 4): [7, 7, 7, 9, 7, 9, 4]}
516: {(3, 7): [3, 1, 5, 7], (7, 14): [7, 9, 8, 14], (7, 4): [7, 7, 7, 7, 9, 4]}
517: {(3, 7): [3, 6, 5, 7], (7, 14): [7, 5, 8, 14], (7, 4): [7, 5, 4]}
518: {(3, 7): [3, 1, 5, 7], (7, 14): [7, 9, 8, 14], (7, 4): [7, 7, 5, 4]}
519: {(3, 7): [3, 6, 5, 7], (7, 14): [7, 9, 8, 14], (7, 4): [7, 7, 7, 7]}
520: {(3, 7): [3, 1, 5, 7], (7, 14): [7, 5, 8, 14], (7, 4): [7, 7, 5, 4]}
521: {(3, 7): [3, 1, 5, 7], (7, 14): [7, 9, 8, 14], (7, 4): [7, 7, 7, 7, 9, 4]}
522: {(3, 7): [3, 1, 5, 7], (7, 14): [7, 9, 8, 14], (7, 4): [7, 7, 7, 7]}
523: {(3, 7): [3, 1, 5, 7], (7, 14): [7, 9, 8, 14], (7, 4): [7, 7, 9, 4]}
524: {(3, 7): [3, 1, 5, 7], (7, 14): [7, 9, 8, 14], (7, 4): [7, 9, 4]}
525: {(3, 7): [3, 1, 5, 7], (7, 14): [7, 9, 8, 14], (7, 4): [7, 7, 9, 4]}
526: {(3, 7): [3, 1, 5, 7], (7, 14): [7, 9, 8, 14], (7, 4): [7, 9, 4]}
527: {(3, 7): [3, 1, 5, 7], (7, 14): [7, 9, 8, 14], (7, 4): [7, 7, 9, 7, 7]}
528: {(3, 7): [3, 1, 5, 7], (7, 14): [7, 5, 8, 14], (7, 4): [7, 7, 5, 4]}
529: {(3, 7): [3, 1, 5, 7], (7, 14): [7, 9, 8, 14], (7, 4): [7, 9, 7, 9, 4]}
530: {(3, 7): [3, 1, 5, 7], (7, 14): [7, 9, 8, 14], (7, 4): [7, 7, 7, 7]}
531: {(3, 7): [3, 1, 5, 7], (7, 14): [7, 9, 8, 14], (7, 4): [7, 7, 9, 4]}
532: {(3, 7): [3, 1, 5, 7], (7, 14): [7, 9, 8, 14], (7, 4): [7, 7, 9, 4]}
533: {(3, 7): [3, 1, 5, 7], (7, 14): [7, 9, 8, 14], (7, 4): [7, 7, 5, 4]}
534: {(3, 7): [3, 1, 5, 7], (7, 14): [7, 9, 8, 14], (7, 4): [7, 9, 4]}
535: {(3, 7): [3, 1, 5, 7], (7, 14): [7, 9, 8, 14], (7, 4): [7, 9, 4]}
536: {(3, 7): [3, 1, 5, 7], (7, 14): [7, 9, 8, 14], (7, 4): [7, 7, 7, 7]}
537: {(3, 7): [3, 1, 5, 7], (7, 14): [7, 9, 8, 14], (7, 4): [7, 9, 4]}
538: {(3, 7): [3, 1, 5, 7], (7, 14): [7, 9, 8, 14], (7, 4): [7, 7, 9, 4]}
539: {(3, 7): [3, 1, 5, 7], (7, 14): [7, 9, 8, 14], (7, 4): [7, 9, 4]}
540: {(3, 7): [3, 1, 5, 7], (7, 14): [7, 9, 8, 14], (7, 4): [7, 9, 4]}
541: {(3, 7): [3, 1, 5, 7], (7, 14): [7, 5, 8, 14], (7, 4): [7, 5, 4]}
542: {(3, 7): [3, 1, 5, 7], (7, 14): [7, 9, 8, 14], (7, 4): [7, 7, 9, 4]}
543: {(3, 7): [3, 1, 5, 7], (7, 14): [7, 9, 8, 14], (7, 4): [7, 7, 7, 9, 4]}
544: {(3, 7): [3, 1, 5, 7], (7, 14): [7, 9, 8, 14], (7, 4): [7, 9, 4]}
545: {(3, 7): [3, 1, 5, 7], (7, 14): [7, 9, 8, 14], (7, 4): [7, 7, 7, 7]}
546: {(3, 7): [3, 1, 5, 7], (7, 14): [7, 9, 8, 14], (7, 4): [7, 7, 5, 4]}
547: {(3, 7): [3, 1, 5, 7], (7, 14): [7, 9, 8, 14], (7, 4): [7, 7, 9, 4]}
548: {(3, 7): [3, 1, 5, 7], (7, 14): [7, 9, 8, 14], (7, 4): [7, 7, 9, 4]}
549: {(3, 7): [3, 1, 5, 7], (7, 14): [7, 9, 8, 14], (7, 4): [7, 9, 4]}
550: {(3, 7): [3, 1, 5, 7], (7, 14): [7, 9, 8, 14], (7, 4): [7, 7, 9, 4]}
551: {(3, 7): [3, 1, 5, 7], (7, 14): [7, 9, 8, 14], (7, 4): [7, 7, 7, 7]}
552: {(3, 7): [3, 1, 5, 7], (7, 14): [7, 9, 8, 14], (7, 4): [7, 9, 4]}
553: {(3, 7): [3, 1, 5, 7], (7, 14): [7, 9, 8, 14], (7, 4): [7, 9, 4]}
554: {(3, 7): [3, 6, 5, 7], (7, 14): [7, 9, 8, 14], (7, 4): [7, 7, 7, 7]}
555: {(3, 7): [3, 6, 5, 7], (7, 14): [7, 9, 8, 14], (7, 4): [7, 9, 4]}
556: {(3, 7): [3, 6, 5, 7], (7, 14): [7, 5, 8, 14], (7, 4): [7, 7, 7, 7]}
557: {(3, 7): [3, 6, 5, 7], (7, 14): [7, 5, 8, 14], (7, 4): [7, 7, 9, 4]}
558: {(3, 7): [3, 6, 5, 7], (7, 14): [7, 9, 8, 14], (7, 4): [7, 7, 9, 4]}
559: {(3, 7): [3, 6, 5, 7], (7, 14): [7, 9, 8, 14], (7, 4): [7, 7, 7, 7]}
560: {(3, 7): [3, 6, 5, 7], (7, 14): [7, 9, 8, 14], (7, 4): [7, 9, 4]}
561: {(3, 7): [3, 6, 5, 7], (7, 14): [7, 9, 8, 14], (7, 4): [7, 7, 9, 4]}
562: {(3, 7): [3, 1, 5, 7], (7, 14): [7, 9, 8, 14], (7, 4): [7, 7, 9, 4]}
563: {(3, 7): [3, 1, 5, 7], (7, 14): [7, 9, 8, 14], (7, 4): [7, 7, 9, 4]}
564: {(3, 7): [3, 6, 5, 7], (7, 14): [7, 9, 8, 14], (7, 4): [7, 7, 7, 9, 4]}
565: {(3, 7): [3, 1, 5, 7], (7, 14): [7, 9, 8, 14], (7, 4): [7, 9, 4]}
566: {(3, 7): [3, 1, 5, 7], (7, 14): [7, 9, 8, 14], (7, 4): [7, 5, 4]}
567: {(3, 7): [3, 1, 5, 7], (7, 14): [7, 9, 8, 14], (7, 4): [7, 9, 4]}
568: {(3, 7): [3, 1, 5, 7], (7, 14): [7, 9, 8, 14], (7, 4): [7, 7, 7, 7]}
569: {(3, 7): [3, 1, 5, 7], (7, 14): [7, 5, 8, 14], (7, 4): [7, 9, 4]}
570: {(3, 7): [3, 1, 5, 7], (7, 14): [7, 9, 8, 14], (7, 4): [7, 7, 7, 9, 4]}
571: {(3, 7): [3, 1, 5, 7], (7, 14): [7, 9, 8, 14], (7, 4): [7, 9, 4]}
572: {(3, 7): [3, 1, 5, 7], (7, 14): [7, 9, 8, 14], (7, 4): [7, 9, 4]}
573: {(3, 7): [3, 1, 5, 7], (7, 14): [7, 9, 8, 14], (7, 4): [7, 7, 9, 4]}
574: {(3, 7): [3, 1, 5, 7], (7, 14): [7, 9, 8, 14], (7, 4): [7, 7, 7, 9, 4]}
575: {(3, 7): [3, 1, 5, 7], (7, 14): [7, 9, 8, 14], (7, 4): [7, 7, 7, 9, 4]}
576: {(3, 7): [3, 1, 5, 7], (7, 14): [7, 9, 8, 14], (7, 4): [7, 7, 9, 4]}
577: {(3, 7): [3, 1, 5, 7], (7, 14): [7, 9, 8, 14], (7, 4): [7, 9, 4]}
578: {(3, 7): [3, 1, 5, 7], (7, 14): [7, 5, 8, 14], (7, 4): [7, 7, 7, 9, 4]}
579: {(3, 7): [3, 1, 5, 7], (7, 14): [7, 9, 8, 14], (7, 4): [7, 7, 9, 4]}
580: {(3, 7): [3, 1, 5, 7], (7, 14): [7, 5, 8, 14], (7, 4): [7, 7, 7, 7, 5, 4]}
581: {(3, 7): [3, 1, 5, 7], (7, 14): [7, 9, 8, 14], (7, 4): [7, 7, 7, 9, 4]}
582: {(3, 7): [3, 6, 5, 7], (7, 14): [7, 9, 8, 14], (7, 4): [7, 9, 4]}
583: {(3, 7): [3, 1, 5, 7], (7, 14): [7, 9, 8, 14], (7, 4): [7, 7, 7, 7]}
584: {(3, 7): [3, 1, 5, 7], (7, 14): [7, 9, 8, 14], (7, 4): [7, 7, 7, 7]}
585: {(3, 7): [3, 1, 5, 7], (7, 14): [7, 9, 8, 14], (7, 4): [7, 9, 4]}
586: {(3, 7): [3, 1, 5, 7], (7, 14): [7, 9, 8, 14], (7, 4): [7, 9, 4]}
587: {(3, 7): [3, 1, 5, 7], (7, 14): [7, 9, 8, 14], (7, 4): [7, 7, 9, 4]}
588: {(3, 7): [3, 6, 5, 7], (7, 14): [7, 9, 8, 14], (7, 4): [7, 9, 4]}
589: {(3, 7): [3, 6, 5, 7], (7, 14): [7, 5, 8, 14], (7, 4): [7, 5, 4]}
590: {(3, 7): [3, 1, 5, 7], (7, 14): [7, 9, 8, 14], (7, 4): [7, 9, 4]}
591: {(3, 7): [3, 6, 5, 7], (7, 14): [7, 9, 8, 14], (7, 4): [7, 7, 9, 4]}
592: {(3, 7): [3, 6, 5, 7], (7, 14): [7, 9, 8, 14], (7, 4): [7, 9, 4]}
593: {(3, 7): [3, 6, 5, 7], (7, 14): [7, 9, 8, 14], (7, 4): [7, 7, 9, 4]}
594: {(3, 7): [3, 6, 5, 7], (7, 14): [7, 9, 8, 14], (7, 4): [7, 7, 7, 7]}
595: {(3, 7): [3, 6, 5, 7], (7, 14): [7, 9, 8, 14], (7, 4): [7, 7, 7, 9, 4]}
596: {(3, 7): [3, 1, 5, 7], (7, 14): [7, 9, 8, 14], (7, 4): [7, 7, 9, 4]}
597: {(3, 7): [3, 1, 5, 7], (7, 14): [7, 9, 8, 14], (7, 4): [7, 7, 7, 7, 9, 4]}
598: {(3, 7): [3, 1, 5, 7], (7, 14): [7, 9, 8, 14], (7, 4): [7, 7, 7, 7]}
599: {(3, 7): [3, 6, 5, 7], (7, 14): [7, 5, 8, 14], (7, 4): [7, 5, 4]}
600: {(3, 7): [3, 1, 5, 7], (7, 14): [7, 9, 8, 14], (7, 4): [7, 9, 4]}
601: {(3, 7): [3, 6, 5, 7], (7, 14): [7, 9, 8, 14], (7, 4): [7, 9, 4]}
602: {(3, 7): [3, 1, 5, 7], (7, 14): [7, 5, 8, 14], (7, 4): [7, 7, 7, 7]}
603: {(3, 7): [3, 6, 5, 7], (7, 14): [7, 5, 8, 14], (7, 4): [7, 5, 4]}
604: {(3, 7): [3, 6, 5, 7], (7, 14): [7, 9, 8, 14], (7, 4): [7, 9, 4]}
605: {(3, 7): [3, 1, 5, 7], (7, 14): [7, 9, 8, 14], (7, 4): [7, 7, 7, 7]}
606: {(3, 7): [3, 1, 5, 7], (7, 14): [7, 5, 8, 14], (7, 4): [7, 7, 7, 7]}
607: {(3, 7): [3, 6, 5, 7], (7, 14): [7, 9, 8, 14], (7, 4): [7, 7, 9, 4]}
608: {(3, 7): [3, 6, 5, 7], (7, 14): [7, 9, 8, 14], (7, 4): [7, 7, 9, 4]}
609: {(3, 7): [3, 6, 5, 7], (7, 14): [7, 9, 8, 14], (7, 4): [7, 7, 5, 4]}
610: {(3, 7): [3, 1, 5, 7], (7, 14): [7, 5, 8, 14], (7, 4): [7, 5, 4]}
611: {(3, 7): [3, 1, 5, 7], (7, 14): [7, 9, 8, 14], (7, 4): [7, 9, 4]}
612: {(3, 7): [3, 1, 5, 7], (7, 14): [7, 9, 8, 14], (7, 4): [7, 9, 4]}
613: {(3, 7): [3, 1, 5, 7], (7, 14): [7, 9, 8, 14], (7, 4): [7, 7, 7, 7, 9, 4]}
614: {(3, 7): [3, 1, 5, 7], (7, 14): [7, 5, 8, 14], (7, 4): [7, 5, 4]}
615: {(3, 7): [3, 1, 5, 7], (7, 14): [7, 9, 8, 14], (7, 4): [7, 9, 4]}
616: {(3, 7): [3, 1, 5, 7], (7, 14): [7, 9, 8, 14], (7, 4): [7, 9, 4]}
617: {(3, 7): [3, 1, 5, 7], (7, 14): [7, 9, 8, 14], (7, 4): [7, 7, 9, 4]}
618: {(3, 7): [3, 1, 5, 7], (7, 14): [7, 5, 8, 14], (7, 4): [7, 7, 7, 7]}
619: {(3, 7): [3, 1, 5, 7], (7, 14): [7, 9, 8, 14], (7, 4): [7, 7, 7, 7, 5, 4]}
620: {(3, 7): [3, 1, 5, 7], (7, 14): [7, 5, 8, 14], (7, 4): [7, 7, 9, 4]}
621: {(3, 7): [3, 1, 5, 7], (7, 14): [7, 9, 8, 14], (7, 4): [7, 7, 7, 7]}
622: {(3, 7): [3, 1, 5, 7], (7, 14): [7, 5, 8, 14], (7, 4): [7, 5, 4]}
623: {(3, 7): [3, 1, 5, 7], (7, 14): [7, 9, 8, 14], (7, 4): [7, 7, 5, 4]}
624: {(3, 7): [3, 1, 5, 7], (7, 14): [7, 9, 8, 14], (7, 4): [7, 7, 7, 9, 4]}
625: {(3, 7): [3, 1, 5, 7], (7, 14): [7, 9, 8, 14], (7, 4): [7, 7, 7, 9, 4]}
626: {(3, 7): [3, 1, 5, 7], (7, 14): [7, 9, 8, 14], (7, 4): [7, 9, 4]}
627: {(3, 7): [3, 1, 5, 7], (7, 14): [7, 9, 8, 14], (7, 4): [7, 7, 7, 9, 4]}
628: {(3, 7): [3, 1, 5, 7], (7, 14): [7, 5, 8, 14], (7, 4): [7, 7, 9, 4]}
629: {(3, 7): [3, 1, 5, 7], (7, 14): [7, 5, 8, 14], (7, 4): [7, 7, 5, 4]}
630: {(3, 7): [3, 1, 5, 7], (7, 14): [7, 9, 8, 14], (7, 4): [7, 9, 4]}
631: {(3, 7): [3, 1, 5, 7], (7, 14): [7, 9, 8, 14], (7, 4): [7, 7, 9, 4]}
632: {(3, 7): [3, 1, 5, 7], (7, 14): [7, 9, 8, 14], (7, 4): [7, 7, 9, 4]}
633: {(3, 7): [3, 1, 5, 7], (7, 14): [7, 5, 8, 14], (7, 4): [7, 5, 4]}
634: {(3, 7): [3, 1, 5, 7], (7, 14): [7, 5, 8, 14], (7, 4): [7, 9, 4]}
635: {(3, 7): [3, 1, 5, 7], (7, 14): [7, 9, 8, 14], (7, 4): [7, 7, 7, 9, 4]}
636: {(3, 7): [3, 1, 5, 7], (7, 14): [7, 9, 8, 14], (7, 4): [7, 7, 9, 4]}
637: {(3, 7): [3, 1, 5, 7], (7, 14): [7, 9, 8, 14], (7, 4): [7, 7, 9, 4]}
638: {(3, 7): [3, 1, 5, 7], (7, 14): [7, 5, 8, 14], (7, 4): [7, 7, 9, 7, 7]}
639: {(3, 7): [3, 1, 5, 7], (7, 14): [7, 5, 8, 14], (7, 4): [7, 7, 5, 4]}
640: {(3, 7): [3, 1, 5, 7], (7, 14): [7, 9, 8, 14], (7, 4): [7, 9, 4]}
641: {(3, 7): [3, 1, 5, 7], (7, 14): [7, 5, 8, 14], (7, 4): [7, 7, 7, 9, 4]}
642: {(3, 7): [3, 1, 5, 7], (7, 14): [7, 9, 8, 14], (7, 4): [7, 9, 4]}
643: {(3, 7): [3, 1, 5, 7], (7, 14): [7, 9, 8, 14], (7, 4): [7, 7, 9, 4]}
644: {(3, 7): [3, 1, 5, 7], (7, 14): [7, 5, 8, 14], (7, 4): [7, 5, 4]}
645: {(3, 7): [3, 1, 5, 7], (7, 14): [7, 9, 8, 14], (7, 4): [7, 7, 7, 7]}
646: {(3, 7): [3, 1, 5, 7], (7, 14): [7, 9, 8, 14], (7, 4): [7, 9, 4]}
647: {(3, 7): [3, 6, 5, 7], (7, 14): [7, 9, 8, 14], (7, 4): [7, 9, 4]}
648: {(3, 7): [3, 6, 5, 7], (7, 14): [7, 5, 8, 14], (7, 4): [7, 9, 4]}
649: {(3, 7): [3, 6, 5, 7], (7, 14): [7, 9, 8, 14], (7, 4): [7, 7, 7, 7]}
650: {(3, 7): [3, 6, 5, 7], (7, 14): [7, 9, 8, 14], (7, 4): [7, 7, 9, 4]}
651: {(3, 7): [3, 6, 5, 7], (7, 14): [7, 9, 8, 14], (7, 4): [7, 7, 7, 9, 4]}
652: {(3, 7): [3, 6, 5, 7], (7, 14): [7, 9, 8, 14], (7, 4): [7, 7, 9, 4]}
653: {(3, 7): [3, 6, 5, 7], (7, 14): [7, 9, 8, 14], (7, 4): [7, 9, 4]}
654: {(3, 7): [3, 6, 5, 7], (7, 14): [7, 9, 8, 14], (7, 4): [7, 9, 4]}
655: {(3, 7): [3, 6, 5, 7], (7, 14): [7, 9, 8, 14], (7, 4): [7, 7, 7, 7]}
656: {(3, 7): [3, 6, 5, 7], (7, 14): [7, 9, 8, 14], (7, 4): [7, 9, 4]}
657: {(3, 7): [3, 6, 5, 7], (7, 14): [7, 9, 8, 14], (7, 4): [7, 9, 7, 9, 4]}
658: {(3, 7): [3, 6, 5, 7], (7, 14): [7, 9, 8, 14], (7, 4): [7, 7, 7, 7]}
659: {(3, 7): [3, 1, 5, 7], (7, 14): [7, 9, 8, 14], (7, 4): [7, 7, 9, 4]}
660: {(3, 7): [3, 1, 5, 7], (7, 14): [7, 5, 8, 14], (7, 4): [7, 7, 5, 4]}
661: {(3, 7): [3, 6, 5, 7], (7, 14): [7, 9, 8, 14], (7, 4): [7, 9, 7, 7, 7, 9, 4]}
662: {(3, 7): [3, 1, 5, 7], (7, 14): [7, 9, 8, 14], (7, 4): [7, 7, 9, 4]}
663: {(3, 7): [3, 1, 5, 7], (7, 14): [7, 9, 8, 14], (7, 4): [7, 7, 7, 9, 4]}
664: {(3, 7): [3, 1, 5, 7], (7, 14): [7, 5, 8, 14], (7, 4): [7, 7, 5, 4]}
665: {(3, 7): [3, 1, 5, 7], (7, 14): [7, 9, 8, 14], (7, 4): [7, 7, 7, 7, 9, 4]}
666: {(3, 7): [3, 1, 5, 7], (7, 14): [7, 9, 8, 14], (7, 4): [7, 7, 7, 9, 7]}
667: {(3, 7): [3, 1, 5, 7], (7, 14): [7, 9, 8, 14], (7, 4): [7, 9, 4]}
668: {(3, 7): [3, 1, 5, 7], (7, 14): [7, 9, 8, 14], (7, 4): [7, 7, 7, 9, 4]}
669: {(3, 7): [3, 1, 5, 7], (7, 14): [7, 5, 8, 14], (7, 4): [7, 7, 7, 7]}
670: {(3, 7): [3, 1, 5, 7], (7, 14): [7, 9, 8, 14], (7, 4): [7, 9, 4]}
671: {(3, 7): [3, 1, 5, 7], (7, 14): [7, 9, 8, 14], (7, 4): [7, 7, 7, 7]}
672: {(3, 7): [3, 6, 5, 7], (7, 14): [7, 9, 8, 14], (7, 4): [7, 7, 9, 4]}
673: {(3, 7): [3, 6, 5, 7], (7, 14): [7, 9, 8, 14], (7, 4): [7, 7, 9, 4]}
674: {(3, 7): [3, 1, 5, 7], (7, 14): [7, 9, 8, 14], (7, 4): [7, 7, 7, 7, 9, 4]}
675: {(3, 7): [3, 1, 5, 7], (7, 14): [7, 9, 8, 14], (7, 4): [7, 9, 4]}
676: {(3, 7): [3, 1, 5, 7], (7, 14): [7, 9, 8, 14], (7, 4): [7, 7, 7, 7]}
677: {(3, 7): [3, 1, 5, 7], (7, 14): [7, 5, 8, 14], (7, 4): [7, 5, 4]}
678: {(3, 7): [3, 1, 5, 7], (7, 14): [7, 9, 8, 14], (7, 4): [7, 7, 9, 4]}
679: {(3, 7): [3, 1, 5, 7], (7, 14): [7, 9, 8, 14], (7, 4): [7, 7, 9, 4]}
680: {(3, 7): [3, 1, 5, 7], (7, 14): [7, 9, 8, 14], (7, 4): [7, 7, 7, 9, 4]}
681: {(3, 7): [3, 1, 5, 7], (7, 14): [7, 9, 8, 14], (7, 4): [7, 7, 7, 9, 4]}
682: {(3, 7): [3, 1, 5, 7], (7, 14): [7, 9, 8, 14], (7, 4): [7, 7, 7, 7, 9, 4]}
683: {(3, 7): [3, 1, 5, 7], (7, 14): [7, 9, 8, 14], (7, 4): [7, 7, 7, 9, 4]}
684: {(3, 7): [3, 1, 5, 7], (7, 14): [7, 9, 8, 14], (7, 4): [7, 7, 9, 4]}
685: {(3, 7): [3, 1, 5, 7], (7, 14): [7, 5, 8, 14], (7, 4): [7, 7, 7, 7]}
686: {(3, 7): [3, 1, 5, 7], (7, 14): [7, 9, 8, 14], (7, 4): [7, 9, 4]}
687: {(3, 7): [3, 1, 5, 7], (7, 14): [7, 9, 8, 14], (7, 4): [7, 7, 7, 9, 4]}
688: {(3, 7): [3, 6, 5, 7], (7, 14): [7, 9, 8, 14], (7, 4): [7, 7, 9, 4]}
689: {(3, 7): [3, 1, 5, 7], (7, 14): [7, 9, 8, 14], (7, 4): [7, 9, 4]}
690: {(3, 7): [3, 6, 5, 7], (7, 14): [7, 9, 8, 14], (7, 4): [7, 7, 9, 4]}
691: {(3, 7): [3, 6, 5, 7], (7, 14): [7, 5, 8, 14], (7, 4): [7, 7, 7, 7]}
692: {(3, 7): [3, 1, 5, 7], (7, 14): [7, 9, 8, 14], (7, 4): [7, 7, 7, 7]}
693: {(3, 7): [3, 6, 5, 7], (7, 14): [7, 9, 8, 14], (7, 4): [7, 7, 7, 9, 4]}
694: {(3, 7): [3, 6, 5, 7], (7, 14): [7, 9, 8, 14], (7, 4): [7, 9, 4]}
695: {(3, 7): [3, 6, 5, 7], (7, 14): [7, 9, 8, 14], (7, 4): [7, 9, 4]}
696: {(3, 7): [3, 1, 5, 7], (7, 14): [7, 9, 8, 14], (7, 4): [7, 7, 9, 4]}
697: {(3, 7): [3, 6, 5, 7], (7, 14): [7, 5, 8, 14], (7, 4): [7, 7, 9, 4]}
698: {(3, 7): [3, 6, 5, 7], (7, 14): [7, 5, 8, 14], (7, 4): [7, 7, 9, 7, 7, 9, 4]}
699: {(3, 7): [3, 6, 5, 7], (7, 14): [7, 9, 8, 14], (7, 4): [7, 9, 7, 7, 7]}
700: {(3, 7): [3, 6, 5, 7], (7, 14): [7, 9, 8, 14], (7, 4): [7, 7, 7, 9, 4]}
701: {(3, 7): [3, 6, 5, 7], (7, 14): [7, 5, 8, 14], (7, 4): [7, 7, 5, 7, 7]}
702: {(3, 7): [3, 6, 5, 7], (7, 14): [7, 9, 8, 14], (7, 4): [7, 9, 4]}
703: {(3, 7): [3, 6, 5, 7], (7, 14): [7, 9, 8, 14], (7, 4): [7, 9, 4]}
704: {(3, 7): [3, 6, 5, 7], (7, 14): [7, 9, 8, 14], (7, 4): [7, 9, 4]}
705: {(3, 7): [3, 6, 5, 7], (7, 14): [7, 5, 8, 14], (7, 4): [7, 7, 7, 9, 4]}
706: {(3, 7): [3, 1, 5, 7], (7, 14): [7, 9, 8, 14], (7, 4): [7, 9, 4]}
707: {(3, 7): [3, 6, 5, 7], (7, 14): [7, 5, 8, 14], (7, 4): [7, 7, 7, 5, 4]}
708: {(3, 7): [3, 6, 5, 7], (7, 14): [7, 5, 8, 14], (7, 4): [7, 5, 4]}
709: {(3, 7): [3, 1, 5, 7], (7, 14): [7, 9, 8, 14], (7, 4): [7, 7, 7, 7, 9, 4]}
710: {(3, 7): [3, 6, 5, 7], (7, 14): [7, 9, 8, 14], (7, 4): [7, 9, 4]}
711: {(3, 7): [3, 1, 5, 7], (7, 14): [7, 9, 8, 14], (7, 4): [7, 7, 7, 7]}
712: {(3, 7): [3, 1, 5, 7], (7, 14): [7, 5, 8, 14], (7, 4): [7, 7, 9, 4]}
713: {(3, 7): [3, 1, 5, 7], (7, 14): [7, 9, 8, 14], (7, 4): [7, 7, 7, 7]}
714: {(3, 7): [3, 1, 5, 7], (7, 14): [7, 9, 8, 14], (7, 4): [7, 7, 9, 4]}
715: {(3, 7): [3, 1, 5, 7], (7, 14): [7, 9, 8, 14], (7, 4): [7, 7, 7, 9, 4]}
716: {(3, 7): [3, 1, 5, 7], (7, 14): [7, 9, 8, 14], (7, 4): [7, 7, 9, 7, 7, 9, 4]}
717: {(3, 7): [3, 1, 5, 7], (7, 14): [7, 9, 8, 14], (7, 4): [7, 7, 7, 7]}
718: {(3, 7): [3, 1, 5, 7], (7, 14): [7, 9, 8, 14], (7, 4): [7, 7, 9, 4]}
719: {(3, 7): [3, 1, 5, 7], (7, 14): [7, 9, 8, 14], (7, 4): [7, 7, 7, 9, 4]}
720: {(3, 7): [3, 1, 5, 7], (7, 14): [7, 9, 8, 14], (7, 4): [7, 7, 7, 9, 4]}
721: {(3, 7): [3, 1, 5, 7], (7, 14): [7, 9, 8, 14], (7, 4): [7, 7, 7, 9, 4]}
722: {(3, 7): [3, 1, 5, 7], (7, 14): [7, 9, 8, 14], (7, 4): [7, 7, 9, 4]}
723: {(3, 7): [3, 1, 5, 7], (7, 14): [7, 9, 8, 14], (7, 4): [7, 9, 4]}
724: {(3, 7): [3, 1, 5, 7], (7, 14): [7, 9, 8, 14], (7, 4): [7, 7, 9, 4]}
725: {(3, 7): [3, 1, 5, 7], (7, 14): [7, 9, 8, 14], (7, 4): [7, 7, 7, 7, 9, 4]}
726: {(3, 7): [3, 6, 5, 7], (7, 14): [7, 9, 8, 14], (7, 4): [7, 7, 9, 4]}
727: {(3, 7): [3, 6, 5, 7], (7, 14): [7, 9, 8, 14], (7, 4): [7, 7, 9, 4]}
728: {(3, 7): [3, 6, 5, 7], (7, 14): [7, 9, 8, 14], (7, 4): [7, 7, 7, 7]}
729: {(3, 7): [3, 6, 5, 7], (7, 14): [7, 9, 8, 14], (7, 4): [7, 7, 7, 9, 4]}
730: {(3, 7): [3, 1, 5, 7], (7, 14): [7, 9, 8, 14], (7, 4): [7, 7, 9, 4]}
731: {(3, 7): [3, 1, 5, 7], (7, 14): [7, 9, 8, 14], (7, 4): [7, 7, 7, 9, 4]}
732: {(3, 7): [3, 1, 5, 7], (7, 14): [7, 9, 8, 14], (7, 4): [7, 9, 4]}
733: {(3, 7): [3, 6, 5, 7], (7, 14): [7, 9, 8, 14], (7, 4): [7, 9, 4]}
734: {(3, 7): [3, 6, 5, 7], (7, 14): [7, 9, 8, 14], (7, 4): [7, 7, 5, 4]}
735: {(3, 7): [3, 6, 5, 7], (7, 14): [7, 5, 8, 14], (7, 4): [7, 5, 7, 5, 4]}
736: {(3, 7): [3, 6, 5, 7], (7, 14): [7, 9, 8, 14], (7, 4): [7, 7, 9, 4]}
737: {(3, 7): [3, 1, 5, 7], (7, 14): [7, 9, 8, 14], (7, 4): [7, 9, 4]}
738: {(3, 7): [3, 6, 5, 7], (7, 14): [7, 9, 8, 14], (7, 4): [7, 9, 4]}
739: {(3, 7): [3, 6, 5, 7], (7, 14): [7, 9, 8, 14], (7, 4): [7, 9, 4]}
740: {(3, 7): [3, 6, 5, 7], (7, 14): [7, 9, 8, 14], (7, 4): [7, 9, 4]}
741: {(3, 7): [3, 6, 5, 7], (7, 14): [7, 9, 8, 14], (7, 4): [7, 7, 9, 4]}
742: {(3, 7): [3, 1, 5, 7], (7, 14): [7, 5, 8, 14], (7, 4): [7, 5, 4]}
743: {(3, 7): [3, 6, 5, 7], (7, 14): [7, 9, 8, 14], (7, 4): [7, 9, 4]}
744: {(3, 7): [3, 6, 5, 7], (7, 14): [7, 9, 8, 14], (7, 4): [7, 9, 4]}
745: {(3, 7): [3, 6, 5, 7], (7, 14): [7, 9, 8, 14], (7, 4): [7, 7, 7, 7]}
746: {(3, 7): [3, 6, 5, 7], (7, 14): [7, 9, 8, 14], (7, 4): [7, 9, 4]}
747: {(3, 7): [3, 6, 5, 7], (7, 14): [7, 5, 8, 14], (7, 4): [7, 5, 4]}
748: {(3, 7): [3, 1, 5, 7], (7, 14): [7, 9, 8, 14], (7, 4): [7, 7, 9, 4]}
749: {(3, 7): [3, 6, 5, 7], (7, 14): [7, 9, 8, 14], (7, 4): [7, 9, 4]}
750: {(3, 7): [3, 1, 5, 7], (7, 14): [7, 9, 8, 14], (7, 4): [7, 9, 4]}
751: {(3, 7): [3, 1, 5, 7], (7, 14): [7, 9, 8, 14], (7, 4): [7, 7, 7, 7, 9, 4]}
752: {(3, 7): [3, 6, 5, 7], (7, 14): [7, 5, 8, 14], (7, 4): [7, 5, 4]}
753: {(3, 7): [3, 6, 5, 7], (7, 14): [7, 9, 8, 14], (7, 4): [7, 9, 4]}
754: {(3, 7): [3, 1, 5, 7], (7, 14): [7, 9, 8, 14], (7, 4): [7, 7, 9, 4]}
755: {(3, 7): [3, 1, 5, 7], (7, 14): [7, 5, 8, 14], (7, 4): [7, 7, 7, 5, 4]}
756: {(3, 7): [3, 6, 5, 7], (7, 14): [7, 9, 8, 14], (7, 4): [7, 9, 4]}
757: {(3, 7): [3, 1, 5, 7], (7, 14): [7, 9, 8, 14], (7, 4): [7, 7, 7, 7, 9, 4]}
758: {(3, 7): [3, 1, 5, 7], (7, 14): [7, 9, 8, 14], (7, 4): [7, 7, 9, 4]}
759: {(3, 7): [3, 1, 5, 7], (7, 14): [7, 9, 8, 14], (7, 4): [7, 7, 9, 4]}
760: {(3, 7): [3, 1, 5, 7], (7, 14): [7, 9, 8, 14], (7, 4): [7, 9, 4]}
761: {(3, 7): [3, 1, 5, 7], (7, 14): [7, 9, 8, 14], (7, 4): [7, 7, 7, 7, 9, 4]}
762: {(3, 7): [3, 6, 5, 7], (7, 14): [7, 5, 8, 14], (7, 4): [7, 5, 4]}
763: {(3, 7): [3, 6, 5, 7], (7, 14): [7, 5, 8, 14], (7, 4): [7, 7, 7, 7, 5, 4]}
764: {(3, 7): [3, 6, 5, 7], (7, 14): [7, 9, 8, 14], (7, 4): [7, 9, 4]}
765: {(3, 7): [3, 6, 5, 7], (7, 14): [7, 9, 8, 14], (7, 4): [7, 9, 4]}
766: {(3, 7): [3, 6, 5, 7], (7, 14): [7, 9, 8, 14], (7, 4): [7, 7, 7, 9, 4]}
767: {(3, 7): [3, 6, 5, 7], (7, 14): [7, 5, 8, 14], (7, 4): [7, 5, 4]}
768: {(3, 7): [3, 6, 5, 7], (7, 14): [7, 9, 8, 14], (7, 4): [7, 9, 4]}
769: {(3, 7): [3, 6, 5, 7], (7, 14): [7, 9, 8, 14], (7, 4): [7, 7, 9, 4]}
770: {(3, 7): [3, 6, 5, 7], (7, 14): [7, 9, 8, 14], (7, 4): [7, 7, 9, 4]}
771: {(3, 7): [3, 1, 5, 7], (7, 14): [7, 5, 8, 14], (7, 4): [7, 7, 7, 7, 5, 4]}
772: {(3, 7): [3, 6, 5, 7], (7, 14): [7, 9, 8, 14], (7, 4): [7, 7, 9, 4]}
773: {(3, 7): [3, 6, 5, 7], (7, 14): [7, 9, 8, 14], (7, 4): [7, 7, 7, 7, 9, 4]}
774: {(3, 7): [3, 6, 5, 7], (7, 14): [7, 5, 8, 14], (7, 4): [7, 7, 5, 4]}
775: {(3, 7): [3, 6, 5, 7], (7, 14): [7, 5, 8, 14], (7, 4): [7, 5, 4]}
776: {(3, 7): [3, 6, 5, 7], (7, 14): [7, 9, 8, 14], (7, 4): [7, 9, 7, 7, 7, 9, 4]}
777: {(3, 7): [3, 6, 5, 7], (7, 14): [7, 9, 8, 14], (7, 4): [7, 9, 4]}
778: {(3, 7): [3, 6, 5, 7], (7, 14): [7, 9, 8, 14], (7, 4): [7, 9, 4]}
779: {(3, 7): [3, 6, 5, 7], (7, 14): [7, 5, 8, 14], (7, 4): [7, 7, 5, 4]}
780: {(3, 7): [3, 6, 5, 7], (7, 14): [7, 9, 8, 14], (7, 4): [7, 7, 7, 7, 9]}
781: {(3, 7): [3, 1, 5, 7], (7, 14): [7, 9, 8, 14], (7, 4): [7, 7, 9, 4]}
782: {(3, 7): [3, 6, 5, 7], (7, 14): [7, 9, 8, 14], (7, 4): [7, 9, 4]}
783: {(3, 7): [3, 6, 5, 7], (7, 14): [7, 5, 8, 14], (7, 4): [7, 5, 4]}
784: {(3, 7): [3, 6, 5, 7], (7, 14): [7, 9, 8, 14], (7, 4): [7, 7, 7, 9, 4]}
785: {(3, 7): [3, 6, 5, 7], (7, 14): [7, 9, 8, 14], (7, 4): [7, 7, 7, 7]}
786: {(3, 7): [3, 6, 5, 7], (7, 14): [7, 9, 8, 14], (7, 4): [7, 7, 9, 4]}
787: {(3, 7): [3, 6, 5, 7], (7, 14): [7, 5, 8, 14], (7, 4): [7, 7, 7, 7]}
788: {(3, 7): [3, 6, 5, 7], (7, 14): [7, 9, 8, 14], (7, 4): [7, 9, 7, 7, 9, 4]}
789: {(3, 7): [3, 6, 5, 7], (7, 14): [7, 9, 8, 14], (7, 4): [7, 7, 7, 9, 4]}
790: {(3, 7): [3, 6, 5, 7], (7, 14): [7, 5, 8, 14], (7, 4): [7, 7, 7, 7]}
791: {(3, 7): [3, 6, 5, 7], (7, 14): [7, 9, 8, 14], (7, 4): [7, 7, 9, 4]}
792: {(3, 7): [3, 6, 5, 7], (7, 14): [7, 9, 8, 14], (7, 4): [7, 7, 7, 9, 4]}
793: {(3, 7): [3, 6, 5, 7], (7, 14): [7, 5, 8, 14], (7, 4): [7, 7, 5, 4]}
794: {(3, 7): [3, 6, 5, 7], (7, 14): [7, 9, 8, 14], (7, 4): [7, 7, 7, 7]}
795: {(3, 7): [3, 6, 5, 7], (7, 14): [7, 5, 8, 14], (7, 4): [7, 5, 4]}
796: {(3, 7): [3, 6, 5, 7], (7, 14): [7, 9, 8, 14], (7, 4): [7, 7, 7, 9, 4]}
797: {(3, 7): [3, 6, 5, 7], (7, 14): [7, 9, 8, 14], (7, 4): [7, 7, 7, 7]}
798: {(3, 7): [3, 6, 5, 7], (7, 14): [7, 9, 8, 14], (7, 4): [7, 7, 5, 4]}
799: {(3, 7): [3, 6, 5, 7], (7, 14): [7, 5, 8, 14], (7, 4): [7, 7, 9, 4]}
800: {(3, 7): [3, 6, 5, 7], (7, 14): [7, 9, 8, 14], (7, 4): [7, 7, 7, 9, 4]}
801: {(3, 7): [3, 6, 5, 7], (7, 14): [7, 9, 8, 14], (7, 4): [7, 7, 7, 7, 9, 4]}
802: {(3, 7): [3, 6, 5, 7], (7, 14): [7, 5, 8, 14], (7, 4): [7, 5, 4]}
803: {(3, 7): [3, 6, 5, 7], (7, 14): [7, 9, 8, 14], (7, 4): [7, 9, 4]}
804: {(3, 7): [3, 6, 5, 7], (7, 14): [7, 9, 8, 14], (7, 4): [7, 7, 7, 7, 9, 4]}
805: {(3, 7): [3, 6, 5, 7], (7, 14): [7, 9, 8, 14], (7, 4): [7, 5, 4]}
806: {(3, 7): [3, 6, 5, 7], (7, 14): [7, 5, 8, 14], (7, 4): [7, 5, 4]}
807: {(3, 7): [3, 6, 5, 7], (7, 14): [7, 9, 8, 14], (7, 4): [7, 7, 7, 7, 9, 4]}
808: {(3, 7): [3, 6, 5, 7], (7, 14): [7, 9, 8, 14], (7, 4): [7, 7, 9, 4]}
809: {(3, 7): [3, 6, 5, 7], (7, 14): [7, 5, 8, 14], (7, 4): [7, 7, 5, 4]}
810: {(3, 7): [3, 6, 5, 7], (7, 14): [7, 5, 8, 14], (7, 4): [7, 7, 7, 7]}
811: {(3, 7): [3, 6, 5, 7], (7, 14): [7, 9, 8, 14], (7, 4): [7, 7, 7, 7, 9, 4]}
812: {(3, 7): [3, 6, 5, 7], (7, 14): [7, 5, 8, 14], (7, 4): [7, 7, 7, 7, 5, 4]}
813: {(3, 7): [3, 6, 5, 7], (7, 14): [7, 9, 8, 14], (7, 4): [7, 7, 7, 7]}
814: {(3, 7): [3, 6, 5, 7], (7, 14): [7, 9, 8, 14], (7, 4): [7, 7, 9, 4]}
815: {(3, 7): [3, 6, 5, 7], (7, 14): [7, 9, 8, 14], (7, 4): [7, 7, 9, 4]}
816: {(3, 7): [3, 6, 5, 7], (7, 14): [7, 5, 8, 14], (7, 4): [7, 7, 7, 5, 4]}
817: {(3, 7): [3, 6, 5, 7], (7, 14): [7, 9, 8, 14], (7, 4): [7, 9, 4]}
818: {(3, 7): [3, 6, 5, 7], (7, 14): [7, 9, 8, 14], (7, 4): [7, 7, 7, 9, 4]}
819: {(3, 7): [3, 6, 5, 7], (7, 14): [7, 5, 8, 14], (7, 4): [7, 7, 7, 5, 4]}
820: {(3, 7): [3, 6, 5, 7], (7, 14): [7, 5, 8, 14], (7, 4): [7, 7, 7, 7]}
821: {(3, 7): [3, 6, 5, 7], (7, 14): [7, 9, 8, 14], (7, 4): [7, 9, 4]}
822: {(3, 7): [3, 6, 5, 7], (7, 14): [7, 9, 8, 14], (7, 4): [7, 7, 7, 7, 9, 4]}
823: {(3, 7): [3, 1, 5, 7], (7, 14): [7, 5, 8, 14], (7, 4): [7, 7, 5, 4]}
824: {(3, 7): [3, 1, 5, 7], (7, 14): [7, 9, 8, 14], (7, 4): [7, 7, 7, 7]}
825: {(3, 7): [3, 1, 5, 7], (7, 14): [7, 9, 8, 14], (7, 4): [7, 9, 4]}
826: {(3, 7): [3, 6, 5, 7], (7, 14): [7, 9, 8, 14], (7, 4): [7, 9, 4]}
827: {(3, 7): [3, 1, 5, 7], (7, 14): [7, 5, 8, 14], (7, 4): [7, 7, 7, 7, 5, 4]}
828: {(3, 7): [3, 6, 5, 7], (7, 14): [7, 9, 8, 14], (7, 4): [7, 7, 7, 9, 4]}
829: {(3, 7): [3, 1, 5, 7], (7, 14): [7, 9, 8, 14], (7, 4): [7, 7, 9, 4]}
830: {(3, 7): [3, 1, 5, 7], (7, 14): [7, 9, 8, 14], (7, 4): [7, 5, 4]}
831: {(3, 7): [3, 1, 5, 7], (7, 14): [7, 9, 8, 14], (7, 4): [7, 7, 5, 4]}
832: {(3, 7): [3, 1, 5, 7], (7, 14): [7, 9, 8, 14], (7, 4): [7, 9, 4]}
833: {(3, 7): [3, 1, 5, 7], (7, 14): [7, 9, 8, 14], (7, 4): [7, 7, 9, 4]}
834: {(3, 7): [3, 1, 5, 7], (7, 14): [7, 9, 8, 14], (7, 4): [7, 9, 4]}
835: {(3, 7): [3, 1, 5, 7], (7, 14): [7, 5, 8, 14], (7, 4): [7, 9, 7, 7, 7, 5, 4]}
836: {(3, 7): [3, 1, 5, 7], (7, 14): [7, 9, 8, 14], (7, 4): [7, 9, 4]}
837: {(3, 7): [3, 6, 5, 7], (7, 14): [7, 9, 8, 14], (7, 4): [7, 7, 7, 9, 4]}
838: {(3, 7): [3, 1, 5, 7], (7, 14): [7, 9, 8, 14], (7, 4): [7, 7, 7, 9, 4]}
839: {(3, 7): [3, 1, 5, 7], (7, 14): [7, 9, 8, 14], (7, 4): [7, 9, 4]}
840: {(3, 7): [3, 1, 5, 7], (7, 14): [7, 9, 8, 14], (7, 4): [7, 5, 4]}
841: {(3, 7): [3, 1, 5, 7], (7, 14): [7, 9, 8, 14], (7, 4): [7, 7, 5, 4]}
842: {(3, 7): [3, 1, 5, 7], (7, 14): [7, 5, 8, 14], (7, 4): [7, 7, 5, 4]}
843: {(3, 7): [3, 1, 5, 7], (7, 14): [7, 9, 8, 14], (7, 4): [7, 9, 4]}
844: {(3, 7): [3, 6, 5, 7], (7, 14): [7, 9, 8, 14], (7, 4): [7, 9, 4]}
845: {(3, 7): [3, 6, 5, 7], (7, 14): [7, 9, 8, 14], (7, 4): [7, 7, 9, 4]}
846: {(3, 7): [3, 6, 5, 7], (7, 14): [7, 9, 8, 14], (7, 4): [7, 9, 7, 9, 4]}
847: {(3, 7): [3, 6, 5, 7], (7, 14): [7, 5, 8, 14], (7, 4): [7, 5, 4]}
848: {(3, 7): [3, 6, 5, 7], (7, 14): [7, 5, 8, 14], (7, 4): [7, 7, 5, 4]}
849: {(3, 7): [3, 6, 5, 7], (7, 14): [7, 9, 8, 14], (7, 4): [7, 9, 4]}
850: {(3, 7): [3, 6, 5, 7], (7, 14): [7, 9, 8, 14], (7, 4): [7, 7, 7, 7]}
851: {(3, 7): [3, 6, 5, 7], (7, 14): [7, 9, 8, 14], (7, 4): [7, 9, 4]}
852: {(3, 7): [3, 6, 5, 7], (7, 14): [7, 9, 8, 14], (7, 4): [7, 9, 4]}
853: {(3, 7): [3, 6, 5, 7], (7, 14): [7, 5, 8, 14], (7, 4): [7, 7, 7, 7]}
854: {(3, 7): [3, 6, 5, 7], (7, 14): [7, 9, 8, 14], (7, 4): [7, 9, 4]}
855: {(3, 7): [3, 6, 5, 7], (7, 14): [7, 9, 8, 14], (7, 4): [7, 9, 4]}
856: {(3, 7): [3, 6, 5, 7], (7, 14): [7, 9, 8, 14], (7, 4): [7, 7, 7, 9, 4]}
857: {(3, 7): [3, 6, 5, 7], (7, 14): [7, 5, 8, 14], (7, 4): [7, 5, 4]}
858: {(3, 7): [3, 6, 5, 7], (7, 14): [7, 9, 8, 14], (7, 4): [7, 7, 7, 7, 9, 4]}
859: {(3, 7): [3, 6, 5, 7], (7, 14): [7, 9, 8, 14], (7, 4): [7, 7, 7, 7]}
860: {(3, 7): [3, 6, 5, 7], (7, 14): [7, 9, 8, 14], (7, 4): [7, 7, 7, 7]}
861: {(3, 7): [3, 6, 5, 7], (7, 14): [7, 5, 8, 14], (7, 4): [7, 7, 7, 5, 4]}
862: {(3, 7): [3, 6, 5, 7], (7, 14): [7, 9, 8, 14], (7, 4): [7, 7, 9, 4]}
863: {(3, 7): [3, 6, 5, 7], (7, 14): [7, 9, 8, 14], (7, 4): [7, 7, 7, 9, 4]}
864: {(3, 7): [3, 6, 5, 7], (7, 14): [7, 9, 8, 14], (7, 4): [7, 9, 4]}
865: {(3, 7): [3, 6, 5, 7], (7, 14): [7, 5, 8, 14], (7, 4): [7, 7, 5, 4]}
866: {(3, 7): [3, 6, 5, 7], (7, 14): [7, 9, 8, 14], (7, 4): [7, 9, 4]}
867: {(3, 7): [3, 6, 5, 7], (7, 14): [7, 9, 8, 14], (7, 4): [7, 9, 4]}
868: {(3, 7): [3, 6, 5, 7], (7, 14): [7, 5, 8, 14], (7, 4): [7, 5, 4]}
869: {(3, 7): [3, 6, 5, 7], (7, 14): [7, 5, 8, 14], (7, 4): [7, 5, 4]}
870: {(3, 7): [3, 6, 5, 7], (7, 14): [7, 9, 8, 14], (7, 4): [7, 7, 7, 9, 4]}
871: {(3, 7): [3, 6, 5, 7], (7, 14): [7, 9, 8, 14], (7, 4): [7, 7, 7, 9, 7]}
872: {(3, 7): [3, 6, 5, 7], (7, 14): [7, 5, 8, 14], (7, 4): [7, 7, 7, 5, 4]}
873: {(3, 7): [3, 6, 5, 7], (7, 14): [7, 9, 8, 14], (7, 4): [7, 9, 4]}
874: {(3, 7): [3, 6, 5, 7], (7, 14): [7, 9, 8, 14], (7, 4): [7, 7, 7, 7]}
875: {(3, 7): [3, 6, 5, 7], (7, 14): [7, 9, 8, 14], (7, 4): [7, 7, 5, 4]}
876: {(3, 7): [3, 6, 5, 7], (7, 14): [7, 5, 8, 14], (7, 4): [7, 5, 4]}
877: {(3, 7): [3, 6, 5, 7], (7, 14): [7, 9, 8, 14], (7, 4): [7, 7, 7, 9, 4]}
878: {(3, 7): [3, 6, 5, 7], (7, 14): [7, 9, 8, 14], (7, 4): [7, 7, 7, 7]}
879: {(3, 7): [3, 6, 5, 7], (7, 14): [7, 9, 8, 14], (7, 4): [7, 7, 9, 4]}
880: {(3, 7): [3, 6, 5, 7], (7, 14): [7, 9, 8, 14], (7, 4): [7, 7, 7, 7]}
881: {(3, 7): [3, 6, 5, 7], (7, 14): [7, 9, 8, 14], (7, 4): [7, 7, 9, 4]}
882: {(3, 7): [3, 6, 5, 7], (7, 14): [7, 5, 8, 14], (7, 4): [7, 5, 4]}
883: {(3, 7): [3, 6, 5, 7], (7, 14): [7, 9, 8, 14], (7, 4): [7, 7, 9, 4]}
884: {(3, 7): [3, 6, 5, 7], (7, 14): [7, 9, 8, 14], (7, 4): [7, 7, 7, 7]}
885: {(3, 7): [3, 6, 5, 7], (7, 14): [7, 5, 8, 14], (7, 4): [7, 7, 7, 5, 4]}
886: {(3, 7): [3, 6, 5, 7], (7, 14): [7, 9, 8, 14], (7, 4): [7, 7, 7, 9, 4]}
887: {(3, 7): [3, 6, 5, 7], (7, 14): [7, 9, 8, 14], (7, 4): [7, 7, 9, 4]}
888: {(3, 7): [3, 6, 5, 7], (7, 14): [7, 9, 8, 14], (7, 4): [7, 7, 9, 4]}
889: {(3, 7): [3, 6, 5, 7], (7, 14): [7, 5, 8, 14], (7, 4): [7, 9, 4]}
890: {(3, 7): [3, 6, 5, 7], (7, 14): [7, 5, 8, 14], (7, 4): [7, 9, 4]}
891: {(3, 7): [3, 6, 5, 7], (7, 14): [7, 9, 8, 14], (7, 4): [7, 7, 7, 9, 4]}
892: {(3, 7): [3, 6, 5, 7], (7, 14): [7, 9, 8, 14], (7, 4): [7, 7, 7, 9, 4]}
893: {(3, 7): [3, 6, 5, 7], (7, 14): [7, 5, 8, 14], (7, 4): [7, 5, 4]}
894: {(3, 7): [3, 6, 5, 7], (7, 14): [7, 9, 8, 14], (7, 4): [7, 7, 9, 4]}
895: {(3, 7): [3, 6, 5, 7], (7, 14): [7, 9, 8, 14], (7, 4): [7, 9, 4]}
896: {(3, 7): [3, 6, 5, 7], (7, 14): [7, 9, 8, 14], (7, 4): [7, 7, 7, 7]}
897: {(3, 7): [3, 6, 5, 7], (7, 14): [7, 9, 8, 14], (7, 4): [7, 9, 4]}
898: {(3, 7): [3, 6, 5, 7], (7, 14): [7, 9, 8, 14], (7, 4): [7, 7, 7, 7, 5, 4]}
899: {(3, 7): [3, 6, 5, 7], (7, 14): [7, 9, 8, 14], (7, 4): [7, 7, 9, 4]}
900: {(3, 7): [3, 6, 5, 7], (7, 14): [7, 9, 8, 14], (7, 4): [7, 7, 9, 4]}
901: {(3, 7): [3, 6, 5, 7], (7, 14): [7, 5, 8, 14], (7, 4): [7, 5, 4]}
902: {(3, 7): [3, 6, 5, 7], (7, 14): [7, 9, 8, 14], (7, 4): [7, 9, 4]}
903: {(3, 7): [3, 6, 5, 7], (7, 14): [7, 9, 8, 14], (7, 4): [7, 7, 7, 7, 9, 4]}
904: {(3, 7): [3, 6, 5, 7], (7, 14): [7, 5, 8, 14], (7, 4): [7, 5, 4]}
905: {(3, 7): [3, 6, 5, 7], (7, 14): [7, 5, 8, 14], (7, 4): [7, 9, 4]}
906: {(3, 7): [3, 6, 5, 7], (7, 14): [7, 9, 8, 14], (7, 4): [7, 9, 4]}
907: {(3, 7): [3, 6, 5, 7], (7, 14): [7, 9, 8, 14], (7, 4): [7, 9, 4]}
908: {(3, 7): [3, 6, 5, 7], (7, 14): [7, 9, 8, 14], (7, 4): [7, 7, 9, 4]}
909: {(3, 7): [3, 6, 5, 7], (7, 14): [7, 5, 8, 14], (7, 4): [7, 5, 4]}
910: {(3, 7): [3, 6, 5, 7], (7, 14): [7, 9, 8, 14], (7, 4): [7, 7, 9, 4]}
911: {(3, 7): [3, 6, 5, 7], (7, 14): [7, 9, 8, 14], (7, 4): [7, 7, 9, 4]}
912: {(3, 7): [3, 6, 5, 7], (7, 14): [7, 5, 8, 14], (7, 4): [7, 5, 4]}
913: {(3, 7): [3, 6, 5, 7], (7, 14): [7, 9, 8, 14], (7, 4): [7, 7, 9, 4]}
914: {(3, 7): [3, 6, 5, 7], (7, 14): [7, 9, 8, 14], (7, 4): [7, 9, 4]}
915: {(3, 7): [3, 6, 5, 7], (7, 14): [7, 9, 8, 14], (7, 4): [7, 7, 7, 9, 4]}
916: {(3, 7): [3, 6, 5, 7], (7, 14): [7, 5, 8, 14], (7, 4): [7, 5, 4]}
917: {(3, 7): [3, 6, 5, 7], (7, 14): [7, 9, 8, 14], (7, 4): [7, 7, 7, 7]}
918: {(3, 7): [3, 6, 5, 7], (7, 14): [7, 9, 8, 14], (7, 4): [7, 9, 4]}
919: {(3, 7): [3, 6, 5, 7], (7, 14): [7, 5, 8, 14], (7, 4): [7, 7, 7, 5, 4]}
920: {(3, 7): [3, 6, 5, 7], (7, 14): [7, 9, 8, 14], (7, 4): [7, 5, 4]}
921: {(3, 7): [3, 6, 5, 7], (7, 14): [7, 9, 8, 14], (7, 4): [7, 7, 9, 4]}
922: {(3, 7): [3, 6, 5, 7], (7, 14): [7, 9, 8, 14], (7, 4): [7, 5, 4]}
923: {(3, 7): [3, 6, 5, 7], (7, 14): [7, 5, 8, 14], (7, 4): [7, 7, 5, 4]}
924: {(3, 7): [3, 6, 5, 7], (7, 14): [7, 9, 8, 14], (7, 4): [7, 7, 7, 9, 4]}
925: {(3, 7): [3, 6, 5, 7], (7, 14): [7, 9, 8, 14], (7, 4): [7, 7, 7, 7]}
926: {(3, 7): [3, 6, 5, 7], (7, 14): [7, 9, 8, 14], (7, 4): [7, 9, 4]}
927: {(3, 7): [3, 6, 5, 7], (7, 14): [7, 9, 8, 14], (7, 4): [7, 5, 4]}
928: {(3, 7): [3, 6, 5, 7], (7, 14): [7, 5, 8, 14], (7, 4): [7, 7, 7, 7, 5, 4]}
929: {(3, 7): [3, 6, 5, 7], (7, 14): [7, 9, 8, 14], (7, 4): [7, 7, 9, 7, 7]}
930: {(3, 7): [3, 6, 5, 7], (7, 14): [7, 9, 8, 14], (7, 4): [7, 7, 7, 9, 4]}
931: {(3, 7): [3, 6, 5, 7], (7, 14): [7, 9, 8, 14], (7, 4): [7, 9, 4]}
932: {(3, 7): [3, 6, 5, 7], (7, 14): [7, 5, 8, 14], (7, 4): [7, 9, 4]}
933: {(3, 7): [3, 6, 5, 7], (7, 14): [7, 9, 8, 14], (7, 4): [7, 9, 7, 7, 7]}
934: {(3, 7): [3, 6, 5, 7], (7, 14): [7, 9, 8, 14], (7, 4): [7, 7, 9, 4]}
935: {(3, 7): [3, 6, 5, 7], (7, 14): [7, 9, 8, 14], (7, 4): [7, 7, 9, 4]}
936: {(3, 7): [3, 6, 5, 7], (7, 14): [7, 5, 8, 14], (7, 4): [7, 5, 4]}
937: {(3, 7): [3, 6, 5, 7], (7, 14): [7, 9, 8, 14], (7, 4): [7, 9, 4]}
938: {(3, 7): [3, 6, 5, 7], (7, 14): [7, 9, 8, 14], (7, 4): [7, 7, 7, 7, 9, 4]}
939: {(3, 7): [3, 6, 5, 7], (7, 14): [7, 9, 8, 14], (7, 4): [7, 7, 7, 7]}
940: {(3, 7): [3, 6, 5, 7], (7, 14): [7, 5, 8, 14], (7, 4): [7, 5, 4]}
941: {(3, 7): [3, 6, 5, 7], (7, 14): [7, 9, 8, 14], (7, 4): [7, 7, 9, 4]}
942: {(3, 7): [3, 1, 5, 7], (7, 14): [7, 9, 8, 14], (7, 4): [7, 7, 7, 9, 4]}
943: {(3, 7): [3, 1, 5, 7], (7, 14): [7, 9, 8, 14], (7, 4): [7, 9, 4]}
944: {(3, 7): [3, 6, 5, 7], (7, 14): [7, 9, 8, 14], (7, 4): [7, 7, 7, 9, 4]}
945: {(3, 7): [3, 1, 5, 7], (7, 14): [7, 9, 8, 14], (7, 4): [7, 9, 4]}
946: {(3, 7): [3, 1, 5, 7], (7, 14): [7, 9, 8, 14], (7, 4): [7, 9, 4]}
947: {(3, 7): [3, 1, 5, 7], (7, 14): [7, 9, 8, 14], (7, 4): [7, 7, 7, 7]}
948: {(3, 7): [3, 1, 5, 7], (7, 14): [7, 9, 8, 14], (7, 4): [7, 9, 4]}
949: {(3, 7): [3, 1, 5, 7], (7, 14): [7, 9, 8, 14], (7, 4): [7, 7, 7, 7]}
950: {(3, 7): [3, 1, 5, 7], (7, 14): [7, 9, 8, 14], (7, 4): [7, 9, 4]}
951: {(3, 7): [3, 1, 5, 7], (7, 14): [7, 9, 8, 14], (7, 4): [7, 7, 9, 4]}
952: {(3, 7): [3, 1, 5, 7], (7, 14): [7, 5, 8, 14], (7, 4): [7, 5, 4]}
953: {(3, 7): [3, 1, 5, 7], (7, 14): [7, 9, 8, 14], (7, 4): [7, 9, 4]}
954: {(3, 7): [3, 1, 5, 7], (7, 14): [7, 9, 8, 14], (7, 4): [7, 7, 7, 7, 9, 4]}
955: {(3, 7): [3, 1, 5, 7], (7, 14): [7, 9, 8, 14], (7, 4): [7, 9, 4]}
956: {(3, 7): [3, 1, 5, 7], (7, 14): [7, 9, 8, 14], (7, 4): [7, 9, 7, 5, 4]}
957: {(3, 7): [3, 1, 5, 7], (7, 14): [7, 9, 8, 14], (7, 4): [7, 9, 4]}
958: {(3, 7): [3, 1, 5, 7], (7, 14): [7, 9, 8, 14], (7, 4): [7, 7, 7, 9, 4]}
959: {(3, 7): [3, 1, 5, 7], (7, 14): [7, 9, 8, 14], (7, 4): [7, 7, 9, 4]}
960: {(3, 7): [3, 1, 5, 7], (7, 14): [7, 9, 8, 14], (7, 4): [7, 9, 4]}
961: {(3, 7): [3, 6, 5, 7], (7, 14): [7, 9, 8, 14], (7, 4): [7, 9, 4]}
962: {(3, 7): [3, 6, 5, 7], (7, 14): [7, 9, 8, 14], (7, 4): [7, 7, 9, 4]}
963: {(3, 7): [3, 6, 5, 7], (7, 14): [7, 5, 8, 14], (7, 4): [7, 9, 4]}
964: {(3, 7): [3, 6, 5, 7], (7, 14): [7, 9, 8, 14], (7, 4): [7, 7, 7, 9, 4]}
965: {(3, 7): [3, 6, 5, 7], (7, 14): [7, 9, 8, 14], (7, 4): [7, 9, 4]}
966: {(3, 7): [3, 6, 5, 7], (7, 14): [7, 9, 8, 14], (7, 4): [7, 7, 7, 7]}
967: {(3, 7): [3, 6, 5, 7], (7, 14): [7, 5, 8, 14], (7, 4): [7, 7, 7, 7]}
968: {(3, 7): [3, 6, 5, 7], (7, 14): [7, 9, 8, 14], (7, 4): [7, 9, 4]}
969: {(3, 7): [3, 6, 5, 7], (7, 14): [7, 9, 8, 14], (7, 4): [7, 7, 9, 4]}
970: {(3, 7): [3, 6, 5, 7], (7, 14): [7, 9, 8, 14], (7, 4): [7, 7, 9, 4]}
971: {(3, 7): [3, 1, 5, 7], (7, 14): [7, 9, 8, 14], (7, 4): [7, 7, 7, 7, 9, 4]}
972: {(3, 7): [3, 1, 5, 7], (7, 14): [7, 5, 8, 14], (7, 4): [7, 5, 4]}
973: {(3, 7): [3, 1, 5, 7], (7, 14): [7, 9, 8, 14], (7, 4): [7, 7, 7, 9, 4]}
974: {(3, 7): [3, 1, 5, 7], (7, 14): [7, 9, 8, 14], (7, 4): [7, 7, 9, 4]}
975: {(3, 7): [3, 1, 5, 7], (7, 14): [7, 9, 8, 14], (7, 4): [7, 7, 7, 9, 4]}
976: {(3, 7): [3, 1, 5, 7], (7, 14): [7, 9, 8, 14], (7, 4): [7, 9, 4]}
977: {(3, 7): [3, 1, 5, 7], (7, 14): [7, 9, 8, 14], (7, 4): [7, 7, 9, 7, 7, 9, 4]}
978: {(3, 7): [3, 6, 5, 7], (7, 14): [7, 5, 8, 14], (7, 4): [7, 5, 4]}
979: {(3, 7): [3, 6, 5, 7], (7, 14): [7, 9, 8, 14], (7, 4): [7, 7, 7, 9, 4]}
980: {(3, 7): [3, 1, 5, 7], (7, 14): [7, 9, 8, 14], (7, 4): [7, 9, 4]}
981: {(3, 7): [3, 1, 5, 7], (7, 14): [7, 9, 8, 14], (7, 4): [7, 7, 9, 4]}
982: {(3, 7): [3, 1, 5, 7], (7, 14): [7, 9, 8, 14], (7, 4): [7, 7, 9, 4]}
983: {(3, 7): [3, 1, 5, 7], (7, 14): [7, 9, 8, 14], (7, 4): [7, 9, 4]}
984: {(3, 7): [3, 1, 5, 7], (7, 14): [7, 9, 8, 14], (7, 4): [7, 7, 7, 9, 7, 9, 4]}
985: {(3, 7): [3, 1, 5, 7], (7, 14): [7, 9, 8, 14], (7, 4): [7, 7, 9, 4]}
986: {(3, 7): [3, 1, 5, 7], (7, 14): [7, 9, 8, 14], (7, 4): [7, 7, 7, 9, 4]}
987: {(3, 7): [3, 6, 5, 7], (7, 14): [7, 9, 8, 14], (7, 4): [7, 7, 9, 4]}
988: {(3, 7): [3, 1, 5, 7], (7, 14): [7, 5, 8, 14], (7, 4): [7, 5, 4]}
989: {(3, 7): [3, 1, 5, 7], (7, 14): [7, 9, 8, 14], (7, 4): [7, 7, 7, 9, 4]}
990: {(3, 7): [3, 1, 5, 7], (7, 14): [7, 9, 8, 14], (7, 4): [7, 9, 4]}
991: {(3, 7): [3, 1, 5, 7], (7, 14): [7, 9, 8, 14], (7, 4): [7, 7, 7, 7, 9, 4]}
992: {(3, 7): [3, 1, 5, 7], (7, 14): [7, 9, 8, 14], (7, 4): [7, 7, 9, 4]}
993: {(3, 7): [3, 1, 5, 7], (7, 14): [7, 9, 8, 14], (7, 4): [7, 9, 4]}
994: {(3, 7): [3, 1, 5, 7], (7, 14): [7, 9, 8, 14], (7, 4): [7, 7, 7, 9, 4]}
995: {(3, 7): [3, 1, 5, 7], (7, 14): [7, 9, 8, 14], (7, 4): [7, 7, 9, 4]}
996: {(3, 7): [3, 6, 5, 7], (7, 14): [7, 9, 8, 14], (7, 4): [7, 7, 9, 4]}
997: {(3, 7): [3, 1, 5, 7], (7, 14): [7, 9, 8, 14], (7, 4): [7, 7, 7, 9, 4]}
998: {(3, 7): [3, 1, 5, 7], (7, 14): [7, 9, 8, 14], (7, 4): [7, 7, 9, 7, 9, 4]}
999: {(3, 7): [3, 1, 5, 7], (7, 14): [7, 9, 8, 14], (7, 4): [7, 7, 7, 7, 9, 4]}
