0: {(3, 4): [3, 1, 4], (4, 7): [4, 5, 7], (7, 14): [7, 5, 8, 14]}
1: {(3, 4): [3, 6, 4], (4, 7): [4, 5, 7], (4, 14): [4, 5, 8, 14]}
2: {(3, 4): [3, 6, 4], (4, 7): [4, 5, 7], (4, 14): [4, 5, 8, 14]}
3: {(3, 4): [3, 1, 4], (4, 7): [4, 5, 7], (4, 14): [4, 5, 8, 14]}
4: {(3, 4): [3, 6, 4], (4, 7): [4, 5, 7], (4, 14): [4, 5, 8, 14]}
5: {(3, 4): [3, 6, 4], (4, 7): [4, 5, 7], (4, 14): [4, 5, 8, 14]}
6: {(3, 4): [3, 6, 4], (4, 7): [4, 5, 7], (4, 14): [4, 5, 8, 14]}
7: {(3, 4): [3, 6, 4], (4, 7): [4, 5, 7], (4, 14): [4, 5, 8, 14]}
8: {(3, 4): [3, 6, 4], (4, 7): [4, 5, 7], (4, 14): [4, 5, 8, 14]}
9: {(3, 4): [3, 6, 4], (4, 7): [4, 5, 7], (4, 14): [4, 5, 8, 14]}
10: {(3, 4): [3, 6, 4], (4, 7): [4, 5, 7], (4, 14): [4, 5, 8, 14]}
11: {(3, 4): [3, 6, 4], (4, 7): [4, 5, 7], (4, 14): [4, 5, 8, 14]}
12: {(3, 4): [3, 6, 4], (4, 7): [4, 5, 7], (4, 14): [4, 5, 8, 14]}
13: {(3, 4): [3, 6, 4], (4, 7): [4, 5, 7], (4, 14): [4, 5, 8, 14]}
14: {(3, 4): [3, 6, 4], (4, 7): [4, 5, 7], (4, 14): [4, 5, 8, 14]}
15: {(3, 4): [3, 6, 4], (4, 7): [4, 5, 7], (4, 14): [4, 5, 8, 14]}
16: {(3, 4): [3, 6, 4], (4, 7): [4, 5, 7], (4, 14): [4, 5, 8, 14]}
17: {(3, 4): [3, 6, 4], (4, 7): [4, 5, 7], (4, 14): [4, 5, 8, 14]}
18: {(3, 4): [3, 6, 4], (4, 7): [4, 5, 7], (4, 14): [4, 5, 8, 14]}
19: {(3, 4): [3, 6, 4], (4, 7): [4, 5, 7], (4, 14): [4, 5, 8, 14]}
20: {(3, 4): [3, 6, 4], (4, 7): [4, 5, 7], (4, 14): [4, 5, 8, 14]}
21: {(3, 4): [3, 6, 4], (4, 7): [4, 5, 7], (4, 14): [4, 5, 8, 14]}
22: {(3, 4): [3, 6, 4], (4, 7): [4, 5, 7], (4, 14): [4, 5, 8, 14]}
23: {(3, 4): [3, 6, 4], (4, 7): [4, 5, 7], (4, 14): [4, 5, 8, 14]}
24: {(3, 4): [3, 6, 4], (4, 7): [4, 5, 7], (4, 14): [4, 5, 8, 14]}
25: {(3, 4): [3, 6, 4], (4, 7): [4, 5, 7], (4, 14): [4, 5, 8, 14]}
26: {(3, 4): [3, 6, 4], (4, 7): [4, 5, 7], (4, 14): [4, 5, 8, 14]}
27: {(3, 4): [3, 6, 4], (4, 7): [4, 5, 7], (4, 14): [4, 5, 8, 14]}
28: {(3, 4): [3, 6, 4], (4, 7): [4, 5, 7], (4, 14): [4, 5, 8, 14]}
29: {(3, 4): [3, 6, 4], (4, 7): [4, 5, 7], (4, 14): [4, 5, 8, 14]}
30: {(3, 4): [3, 6, 4], (4, 7): [4, 5, 7], (4, 14): [4, 5, 8, 14]}
31: {(3, 4): [3, 6, 4], (4, 7): [4, 5, 7], (4, 14): [4, 5, 8, 14]}
32: {(3, 4): [3, 6, 4], (4, 7): [4, 5, 7], (4, 14): [4, 5, 8, 14]}
33: {(3, 4): [3, 6, 4], (4, 7): [4, 5, 7], (4, 14): [4, 5, 8, 14]}
34: {(3, 4): [3, 6, 4], (4, 7): [4, 5, 7], (4, 14): [4, 5, 8, 14]}
35: {(3, 4): [3, 6, 4], (4, 7): [4, 5, 7], (4, 14): [4, 5, 8, 14]}
36: {(3, 4): [3, 6, 4], (4, 7): [4, 5, 7], (4, 14): [4, 5, 8, 14]}
37: {(3, 4): [3, 6, 4], (4, 7): [4, 5, 7], (4, 14): [4, 5, 8, 14]}
38: {(3, 4): [3, 6, 4], (4, 7): [4, 5, 7], (4, 14): [4, 5, 8, 14]}
39: {(3, 4): [3, 6, 4], (4, 7): [4, 5, 7], (4, 14): [4, 5, 8, 14]}
40: {(3, 4): [3, 6, 4], (4, 7): [4, 5, 7], (4, 14): [4, 5, 8, 14]}
41: {(3, 4): [3, 6, 4], (4, 7): [4, 5, 7], (4, 14): [4, 5, 8, 14]}
42: {(3, 4): [3, 6, 4], (4, 7): [4, 5, 7], (4, 14): [4, 5, 8, 14]}
43: {(3, 4): [3, 6, 4], (4, 7): [4, 5, 7], (4, 14): [4, 5, 8, 14]}
44: {(3, 4): [3, 6, 4], (4, 7): [4, 5, 7], (4, 14): [4, 5, 8, 14]}
45: {(3, 4): [3, 6, 4], (4, 7): [4, 5, 7], (4, 14): [4, 5, 8, 14]}
46: {(3, 4): [3, 6, 4], (4, 7): [4, 5, 7], (4, 14): [4, 5, 8, 14]}
47: {(3, 4): [3, 6, 4], (4, 7): [4, 5, 7], (4, 14): [4, 5, 8, 14]}
48: {(3, 4): [3, 6, 4], (4, 7): [4, 5, 7], (4, 14): [4, 5, 8, 14]}
49: {(3, 4): [3, 6, 4], (4, 7): [4, 5, 7], (4, 14): [4, 5, 8, 14]}
50: {(3, 4): [3, 6, 4], (4, 7): [4, 5, 7], (4, 14): [4, 5, 8, 14]}
51: {(3, 4): [3, 6, 4], (4, 7): [4, 5, 7], (4, 14): [4, 5, 8, 14]}
52: {(3, 4): [3, 6, 4], (4, 7): [4, 5, 7], (4, 14): [4, 5, 8, 14]}
53: {(3, 4): [3, 6, 4], (4, 7): [4, 5, 7], (4, 14): [4, 5, 8, 14]}
54: {(3, 4): [3, 6, 4], (4, 7): [4, 5, 7], (4, 14): [4, 5, 8, 14]}
55: {(3, 4): [3, 6, 4], (4, 7): [4, 5, 7], (4, 14): [4, 5, 8, 14]}
56: {(3, 4): [3, 6, 4], (4, 7): [4, 5, 7], (4, 14): [4, 5, 8, 14]}
57: {(3, 4): [3, 6, 4], (4, 7): [4, 5, 7], (4, 14): [4, 5, 8, 14]}
58: {(3, 4): [3, 6, 4], (4, 7): [4, 5, 7], (4, 14): [4, 5, 8, 14]}
59: {(3, 4): [3, 6, 4], (4, 7): [4, 5, 7], (4, 14): [4, 5, 8, 14]}
60: {(3, 4): [3, 6, 4], (4, 7): [4, 5, 7], (4, 14): [4, 5, 8, 14]}
61: {(3, 4): [3, 6, 4], (4, 7): [4, 5, 7], (4, 14): [4, 5, 8, 14]}
62: {(3, 4): [3, 6, 4], (4, 7): [4, 5, 7], (4, 14): [4, 5, 8, 14]}
63: {(3, 4): [3, 6, 4], (4, 7): [4, 5, 7], (4, 14): [4, 5, 8, 14]}
64: {(3, 4): [3, 6, 4], (4, 7): [4, 5, 7], (4, 14): [4, 5, 8, 14]}
65: {(3, 4): [3, 6, 4], (4, 7): [4, 5, 7], (4, 14): [4, 5, 8, 14]}
66: {(3, 4): [3, 6, 4], (4, 7): [4, 5, 7], (4, 14): [4, 5, 8, 14]}
67: {(3, 4): [3, 6, 4], (4, 7): [4, 5, 7], (4, 14): [4, 5, 8, 14]}
68: {(3, 4): [3, 6, 4], (4, 7): [4, 5, 7], (4, 14): [4, 5, 8, 14]}
69: {(3, 4): [3, 6, 4], (4, 7): [4, 5, 7], (4, 14): [4, 5, 8, 14]}
70: {(3, 4): [3, 6, 4], (4, 7): [4, 5, 7], (4, 14): [4, 5, 8, 14]}
71: {(3, 4): [3, 6, 4], (4, 7): [4, 5, 7], (4, 14): [4, 5, 8, 14]}
72: {(3, 4): [3, 6, 4], (4, 7): [4, 5, 7], (4, 14): [4, 5, 8, 14]}
73: {(3, 4): [3, 6, 4], (4, 7): [4, 5, 7], (4, 14): [4, 5, 8, 14]}
74: {(3, 4): [3, 6, 4], (4, 7): [4, 5, 7], (4, 14): [4, 5, 8, 14]}
75: {(3, 4): [3, 6, 4], (4, 7): [4, 5, 7], (4, 14): [4, 5, 8, 14]}
76: {(3, 4): [3, 6, 4], (4, 7): [4, 5, 7], (4, 14): [4, 5, 8, 14]}
77: {(3, 4): [3, 6, 4], (4, 7): [4, 5, 7], (4, 14): [4, 5, 8, 14]}
78: {(3, 4): [3, 6, 4], (4, 7): [4, 5, 7], (4, 14): [4, 5, 8, 14]}
79: {(3, 4): [3, 6, 4], (4, 7): [4, 5, 7], (4, 14): [4, 5, 8, 14]}
80: {(3, 4): [3, 6, 4], (4, 7): [4, 5, 7], (4, 14): [4, 5, 8, 14]}
81: {(3, 4): [3, 6, 4], (4, 7): [4, 5, 7], (4, 14): [4, 5, 8, 14]}
82: {(3, 4): [3, 6, 4], (4, 7): [4, 5, 7], (4, 14): [4, 5, 8, 14]}
83: {(3, 4): [3, 6, 4], (4, 7): [4, 5, 7], (4, 14): [4, 5, 8, 14]}
84: {(3, 4): [3, 6, 4], (4, 7): [4, 5, 7], (4, 14): [4, 5, 8, 14]}
85: {(3, 4): [3, 6, 4], (4, 7): [4, 5, 7], (4, 14): [4, 5, 8, 14]}
86: {(3, 4): [3, 6, 4], (4, 7): [4, 5, 7], (4, 14): [4, 5, 8, 14]}
87: {(3, 4): [3, 6, 4], (4, 7): [4, 5, 7], (4, 14): [4, 5, 8, 14]}
88: {(3, 4): [3, 6, 4], (4, 7): [4, 5, 7], (4, 14): [4, 5, 8, 14]}
89: {(3, 4): [3, 6, 4], (4, 7): [4, 5, 7], (4, 14): [4, 5, 8, 14]}
90: {(3, 4): [3, 6, 4], (4, 7): [4, 5, 7], (4, 14): [4, 5, 8, 14]}
91: {(3, 4): [3, 6, 4], (4, 7): [4, 5, 7], (4, 14): [4, 5, 8, 14]}
92: {(3, 4): [3, 6, 4], (4, 7): [4, 5, 7], (4, 14): [4, 5, 8, 14]}
93: {(3, 4): [3, 6, 4], (4, 7): [4, 5, 7], (4, 14): [4, 5, 8, 14]}
94: {(3, 4): [3, 6, 4], (4, 7): [4, 5, 7], (4, 14): [4, 5, 8, 14]}
95: {(3, 4): [3, 6, 4], (4, 7): [4, 5, 7], (4, 14): [4, 5, 8, 14]}
96: {(3, 4): [3, 6, 4], (4, 7): [4, 5, 7], (4, 14): [4, 5, 8, 14]}
97: {(3, 4): [3, 6, 4], (4, 7): [4, 5, 7], (4, 14): [4, 5, 8, 14]}
98: {(3, 4): [3, 6, 4], (4, 7): [4, 5, 7], (4, 14): [4, 5, 8, 14]}
99: {(3, 4): [3, 6, 4], (4, 7): [4, 5, 7], (4, 14): [4, 5, 8, 14]}
100: {(3, 4): [3, 6, 4], (4, 7): [4, 5, 7], (4, 14): [4, 5, 8, 14]}
101: {(3, 4): [3, 6, 4], (4, 7): [4, 5, 7], (4, 14): [4, 5, 8, 14]}
102: {(3, 4): [3, 6, 4], (4, 7): [4, 5, 7], (4, 14): [4, 5, 8, 14]}
103: {(3, 4): [3, 6, 4], (4, 7): [4, 5, 7], (4, 14): [4, 5, 8, 14]}
104: {(3, 4): [3, 6, 4], (4, 7): [4, 5, 7], (4, 14): [4, 5, 8, 14]}
105: {(3, 4): [3, 6, 4], (4, 7): [4, 5, 7], (4, 14): [4, 5, 8, 14]}
106: {(3, 4): [3, 6, 4], (4, 7): [4, 5, 7], (4, 14): [4, 5, 8, 14]}
107: {(3, 4): [3, 6, 4], (4, 7): [4, 5, 7], (4, 14): [4, 5, 8, 14]}
108: {(3, 4): [3, 6, 4], (4, 7): [4, 5, 7], (4, 14): [4, 5, 8, 14]}
109: {(3, 4): [3, 6, 4], (4, 7): [4, 5, 7], (4, 14): [4, 5, 8, 14]}
110: {(3, 4): [3, 6, 4], (4, 7): [4, 5, 7], (4, 14): [4, 5, 8, 14]}
111: {(3, 4): [3, 6, 4], (4, 7): [4, 5, 7], (4, 14): [4, 5, 8, 14]}
112: {(3, 4): [3, 6, 4], (4, 7): [4, 5, 7], (4, 14): [4, 5, 8, 14]}
113: {(3, 4): [3, 6, 4], (4, 7): [4, 5, 7], (4, 14): [4, 5, 8, 14]}
114: {(3, 4): [3, 6, 4], (4, 7): [4, 5, 7], (4, 14): [4, 5, 8, 14]}
115: {(3, 4): [3, 6, 4], (4, 7): [4, 5, 7], (4, 14): [4, 5, 8, 14]}
116: {(3, 4): [3, 6, 4], (4, 7): [4, 5, 7], (4, 14): [4, 5, 8, 14]}
117: {(3, 4): [3, 6, 4], (4, 7): [4, 5, 7], (4, 14): [4, 5, 8, 14]}
118: {(3, 4): [3, 6, 4], (4, 7): [4, 5, 7], (4, 14): [4, 5, 8, 14]}
119: {(3, 4): [3, 6, 4], (4, 7): [4, 5, 7], (4, 14): [4, 5, 8, 14]}
120: {(3, 4): [3, 6, 4], (4, 7): [4, 5, 7], (4, 14): [4, 5, 8, 14]}
121: {(3, 4): [3, 6, 4], (4, 7): [4, 5, 7], (4, 14): [4, 5, 8, 14]}
122: {(3, 4): [3, 6, 4], (4, 7): [4, 5, 7], (4, 14): [4, 5, 8, 14]}
123: {(3, 4): [3, 6, 4], (4, 7): [4, 5, 7], (4, 14): [4, 5, 8, 14]}
124: {(3, 4): [3, 6, 4], (4, 7): [4, 5, 7], (4, 14): [4, 5, 8, 14]}
125: {(3, 4): [3, 6, 4], (4, 7): [4, 5, 7], (4, 14): [4, 5, 8, 14]}
126: {(3, 4): [3, 6, 4], (4, 7): [4, 5, 7], (4, 14): [4, 5, 8, 14]}
127: {(3, 4): [3, 6, 4], (4, 7): [4, 5, 7], (4, 14): [4, 5, 8, 14]}
128: {(3, 4): [3, 6, 4], (4, 7): [4, 5, 7], (4, 14): [4, 5, 8, 14]}
129: {(3, 4): [3, 6, 4], (4, 7): [4, 5, 7], (4, 14): [4, 5, 8, 14]}
130: {(3, 4): [3, 6, 4], (4, 7): [4, 5, 7], (4, 14): [4, 5, 8, 14]}
131: {(3, 4): [3, 6, 4], (4, 7): [4, 5, 7], (4, 14): [4, 5, 8, 14]}
132: {(3, 4): [3, 6, 4], (4, 7): [4, 5, 7], (4, 14): [4, 5, 8, 14]}
133: {(3, 4): [3, 6, 4], (4, 7): [4, 5, 7], (4, 14): [4, 5, 8, 14]}
134: {(3, 4): [3, 6, 4], (4, 7): [4, 5, 7], (4, 14): [4, 5, 8, 14]}
135: {(3, 4): [3, 6, 4], (4, 7): [4, 5, 7], (4, 14): [4, 5, 8, 14]}
136: {(3, 4): [3, 6, 4], (4, 7): [4, 5, 7], (4, 14): [4, 5, 8, 14]}
137: {(3, 4): [3, 6, 4], (4, 7): [4, 5, 7], (4, 14): [4, 5, 8, 14]}
138: {(3, 4): [3, 6, 4], (4, 7): [4, 5, 7], (4, 14): [4, 5, 8, 14]}
139: {(3, 4): [3, 6, 4], (4, 7): [4, 5, 7], (4, 14): [4, 5, 8, 14]}
140: {(3, 4): [3, 6, 4], (4, 7): [4, 5, 7], (4, 14): [4, 5, 8, 14]}
141: {(3, 4): [3, 6, 4], (4, 7): [4, 5, 7], (4, 14): [4, 5, 8, 14]}
142: {(3, 4): [3, 6, 4], (4, 7): [4, 5, 7], (4, 14): [4, 5, 8, 14]}
143: {(3, 4): [3, 6, 4], (4, 7): [4, 5, 7], (4, 14): [4, 5, 8, 14]}
144: {(3, 4): [3, 6, 4], (4, 7): [4, 5, 7], (4, 14): [4, 5, 8, 14]}
145: {(3, 4): [3, 6, 4], (4, 7): [4, 5, 7], (4, 14): [4, 5, 8, 14]}
146: {(3, 4): [3, 6, 4], (4, 7): [4, 5, 7], (4, 14): [4, 5, 8, 14]}
147: {(3, 4): [3, 6, 4], (4, 7): [4, 5, 7], (4, 14): [4, 5, 8, 14]}
148: {(3, 4): [3, 6, 4], (4, 7): [4, 5, 7], (4, 14): [4, 5, 8, 14]}
149: {(3, 4): [3, 6, 4], (4, 7): [4, 5, 7], (4, 14): [4, 5, 8, 14]}
150: {(3, 4): [3, 6, 4], (4, 7): [4, 5, 7], (4, 14): [4, 5, 8, 14]}
151: {(3, 4): [3, 6, 4], (4, 7): [4, 5, 7], (4, 14): [4, 5, 8, 14]}
152: {(3, 4): [3, 6, 4], (4, 7): [4, 5, 7], (4, 14): [4, 5, 8, 14]}
153: {(3, 4): [3, 6, 4], (4, 7): [4, 5, 7], (4, 14): [4, 5, 8, 14]}
154: {(3, 4): [3, 6, 4], (4, 7): [4, 5, 7], (4, 14): [4, 5, 8, 14]}
155: {(3, 4): [3, 6, 4], (4, 7): [4, 5, 7], (4, 14): [4, 5, 8, 14]}
156: {(3, 4): [3, 6, 4], (4, 7): [4, 5, 7], (4, 14): [4, 5, 8, 14]}
157: {(3, 4): [3, 6, 4], (4, 7): [4, 5, 7], (4, 14): [4, 5, 8, 14]}
158: {(3, 4): [3, 6, 4], (4, 7): [4, 5, 7], (4, 14): [4, 5, 8, 14]}
159: {(3, 4): [3, 6, 4], (4, 7): [4, 5, 7], (4, 14): [4, 5, 8, 14]}
160: {(3, 4): [3, 6, 4], (4, 7): [4, 5, 7], (4, 14): [4, 5, 8, 14]}
161: {(3, 4): [3, 6, 4], (4, 7): [4, 5, 7], (4, 14): [4, 5, 8, 14]}
162: {(3, 4): [3, 6, 4], (4, 7): [4, 5, 7], (4, 14): [4, 5, 8, 14]}
163: {(3, 4): [3, 6, 4], (4, 7): [4, 5, 7], (4, 14): [4, 5, 8, 14]}
164: {(3, 4): [3, 6, 4], (4, 7): [4, 5, 7], (4, 14): [4, 5, 8, 14]}
165: {(3, 4): [3, 6, 4], (4, 7): [4, 5, 7], (4, 14): [4, 5, 8, 14]}
166: {(3, 4): [3, 6, 4], (4, 7): [4, 5, 7], (4, 14): [4, 5, 8, 14]}
167: {(3, 4): [3, 6, 4], (4, 7): [4, 5, 7], (4, 14): [4, 5, 8, 14]}
168: {(3, 4): [3, 6, 4], (4, 7): [4, 5, 7], (4, 14): [4, 5, 8, 14]}
169: {(3, 4): [3, 6, 4], (4, 7): [4, 5, 7], (4, 14): [4, 5, 8, 14]}
170: {(3, 4): [3, 6, 4], (4, 7): [4, 5, 7], (4, 14): [4, 5, 8, 14]}
171: {(3, 4): [3, 6, 4], (4, 7): [4, 5, 7], (4, 14): [4, 5, 8, 14]}
172: {(3, 4): [3, 6, 4], (4, 7): [4, 5, 7], (4, 14): [4, 5, 8, 14]}
173: {(3, 4): [3, 6, 4], (4, 7): [4, 5, 7], (4, 14): [4, 5, 8, 14]}
174: {(3, 4): [3, 6, 4], (4, 7): [4, 5, 7], (4, 14): [4, 5, 8, 14]}
175: {(3, 4): [3, 6, 4], (4, 7): [4, 5, 7], (4, 14): [4, 5, 8, 14]}
176: {(3, 4): [3, 6, 4], (4, 7): [4, 5, 7], (4, 14): [4, 5, 8, 14]}
177: {(3, 4): [3, 6, 4], (4, 7): [4, 5, 7], (4, 14): [4, 5, 8, 14]}
178: {(3, 4): [3, 6, 4], (4, 7): [4, 5, 7], (4, 14): [4, 5, 8, 14]}
179: {(3, 4): [3, 6, 4], (4, 7): [4, 5, 7], (4, 14): [4, 5, 8, 14]}
180: {(3, 4): [3, 6, 4], (4, 7): [4, 5, 7], (4, 14): [4, 5, 8, 14]}
181: {(3, 4): [3, 6, 4], (4, 7): [4, 5, 7], (4, 14): [4, 5, 8, 14]}
182: {(3, 4): [3, 6, 4], (4, 7): [4, 5, 7], (4, 14): [4, 5, 8, 14]}
183: {(3, 4): [3, 6, 4], (4, 7): [4, 5, 7], (4, 14): [4, 5, 8, 14]}
184: {(3, 4): [3, 6, 4], (4, 7): [4, 5, 7], (4, 14): [4, 5, 8, 14]}
185: {(3, 4): [3, 6, 4], (4, 7): [4, 5, 7], (4, 14): [4, 5, 8, 14]}
186: {(3, 4): [3, 6, 4], (4, 7): [4, 5, 7], (4, 14): [4, 5, 8, 14]}
187: {(3, 4): [3, 6, 4], (4, 7): [4, 5, 7], (4, 14): [4, 5, 8, 14]}
188: {(3, 4): [3, 6, 4], (4, 7): [4, 5, 7], (4, 14): [4, 5, 8, 14]}
189: {(3, 4): [3, 6, 4], (4, 7): [4, 5, 7], (4, 14): [4, 5, 8, 14]}
190: {(3, 4): [3, 6, 4], (4, 7): [4, 5, 7], (4, 14): [4, 5, 8, 14]}
191: {(3, 4): [3, 6, 4], (4, 7): [4, 5, 7], (4, 14): [4, 5, 8, 14]}
192: {(3, 4): [3, 6, 4], (4, 7): [4, 5, 7], (4, 14): [4, 5, 8, 14]}
193: {(3, 4): [3, 6, 4], (4, 7): [4, 5, 7], (4, 14): [4, 5, 8, 14]}
194: {(3, 4): [3, 6, 4], (4, 7): [4, 5, 7], (4, 14): [4, 5, 8, 14]}
195: {(3, 4): [3, 6, 4], (4, 7): [4, 5, 7], (4, 14): [4, 5, 8, 14]}
196: {(3, 4): [3, 6, 4], (4, 7): [4, 5, 7], (4, 14): [4, 5, 8, 14]}
197: {(3, 4): [3, 6, 4], (4, 7): [4, 5, 7], (4, 14): [4, 5, 8, 14]}
198: {(3, 4): [3, 6, 4], (4, 7): [4, 5, 7], (4, 14): [4, 5, 8, 14]}
199: {(3, 4): [3, 6, 4], (4, 7): [4, 5, 7], (4, 14): [4, 5, 8, 14]}
200: {(3, 4): [3, 6, 4], (4, 7): [4, 5, 7], (4, 14): [4, 5, 8, 14]}
201: {(3, 4): [3, 6, 4], (4, 7): [4, 5, 7], (4, 14): [4, 5, 8, 14]}
202: {(3, 4): [3, 6, 4], (4, 7): [4, 5, 7], (4, 14): [4, 5, 8, 14]}
203: {(3, 4): [3, 6, 4], (4, 7): [4, 5, 7], (4, 14): [4, 5, 8, 14]}
204: {(3, 4): [3, 6, 4], (4, 7): [4, 5, 7], (4, 14): [4, 5, 8, 14]}
205: {(3, 4): [3, 6, 4], (4, 7): [4, 5, 7], (4, 14): [4, 5, 8, 14]}
206: {(3, 4): [3, 6, 4], (4, 7): [4, 5, 7], (4, 14): [4, 5, 8, 14]}
207: {(3, 4): [3, 6, 4], (4, 7): [4, 5, 7], (4, 14): [4, 5, 8, 14]}
208: {(3, 4): [3, 6, 4], (4, 7): [4, 5, 7], (4, 14): [4, 5, 8, 14]}
209: {(3, 4): [3, 6, 4], (4, 7): [4, 5, 7], (4, 14): [4, 5, 8, 14]}
210: {(3, 4): [3, 6, 4], (4, 7): [4, 5, 7], (4, 14): [4, 5, 8, 14]}
211: {(3, 4): [3, 6, 4], (4, 7): [4, 5, 7], (4, 14): [4, 5, 8, 14]}
212: {(3, 4): [3, 6, 4], (4, 7): [4, 5, 7], (4, 14): [4, 5, 8, 14]}
213: {(3, 4): [3, 6, 4], (4, 7): [4, 5, 7], (4, 14): [4, 5, 8, 14]}
214: {(3, 4): [3, 6, 4], (4, 7): [4, 5, 7], (4, 14): [4, 5, 8, 14]}
215: {(3, 4): [3, 6, 4], (4, 7): [4, 5, 7], (4, 14): [4, 5, 8, 14]}
216: {(3, 4): [3, 6, 4], (4, 7): [4, 5, 7], (4, 14): [4, 5, 8, 14]}
217: {(3, 4): [3, 6, 4], (4, 7): [4, 5, 7], (4, 14): [4, 5, 8, 14]}
218: {(3, 4): [3, 6, 4], (4, 7): [4, 5, 7], (4, 14): [4, 5, 8, 14]}
219: {(3, 4): [3, 6, 4], (4, 7): [4, 5, 7], (4, 14): [4, 5, 8, 14]}
220: {(3, 4): [3, 6, 4], (4, 7): [4, 5, 7], (4, 14): [4, 5, 8, 14]}
221: {(3, 4): [3, 6, 4], (4, 7): [4, 5, 7], (4, 14): [4, 5, 8, 14]}
222: {(3, 4): [3, 6, 4], (4, 7): [4, 5, 7], (4, 14): [4, 5, 8, 14]}
223: {(3, 4): [3, 6, 4], (4, 7): [4, 5, 7], (4, 14): [4, 5, 8, 14]}
224: {(3, 4): [3, 6, 4], (4, 7): [4, 5, 7], (4, 14): [4, 5, 8, 14]}
225: {(3, 4): [3, 6, 4], (4, 7): [4, 5, 7], (4, 14): [4, 5, 8, 14]}
226: {(3, 4): [3, 6, 4], (4, 7): [4, 5, 7], (4, 14): [4, 5, 8, 14]}
227: {(3, 4): [3, 6, 4], (4, 7): [4, 5, 7], (4, 14): [4, 5, 8, 14]}
228: {(3, 4): [3, 6, 4], (4, 7): [4, 5, 7], (4, 14): [4, 5, 8, 14]}
229: {(3, 4): [3, 6, 4], (4, 7): [4, 5, 7], (4, 14): [4, 5, 8, 14]}
230: {(3, 4): [3, 6, 4], (4, 7): [4, 5, 7], (4, 14): [4, 5, 8, 14]}
231: {(3, 4): [3, 6, 4], (4, 7): [4, 5, 7], (4, 14): [4, 5, 8, 14]}
232: {(3, 4): [3, 6, 4], (4, 7): [4, 5, 7], (4, 14): [4, 5, 8, 14]}
233: {(3, 4): [3, 6, 4], (4, 7): [4, 5, 7], (4, 14): [4, 5, 8, 14]}
234: {(3, 4): [3, 6, 4], (4, 7): [4, 5, 7], (4, 14): [4, 5, 8, 14]}
235: {(3, 4): [3, 6, 4], (4, 7): [4, 5, 7], (4, 14): [4, 5, 8, 14]}
236: {(3, 4): [3, 6, 4], (4, 7): [4, 5, 7], (4, 14): [4, 5, 8, 14]}
237: {(3, 4): [3, 6, 4], (4, 7): [4, 5, 7], (4, 14): [4, 5, 8, 14]}
238: {(3, 4): [3, 6, 4], (4, 7): [4, 5, 7], (4, 14): [4, 5, 8, 14]}
239: {(3, 4): [3, 6, 4], (4, 7): [4, 5, 7], (4, 14): [4, 5, 8, 14]}
240: {(3, 4): [3, 6, 4], (4, 7): [4, 5, 7], (4, 14): [4, 5, 8, 14]}
241: {(3, 4): [3, 6, 4], (4, 7): [4, 5, 7], (4, 14): [4, 5, 8, 14]}
242: {(3, 4): [3, 6, 4], (4, 7): [4, 5, 7], (4, 14): [4, 5, 8, 14]}
243: {(3, 4): [3, 6, 4], (4, 7): [4, 5, 7], (4, 14): [4, 5, 8, 14]}
244: {(3, 4): [3, 6, 4], (4, 7): [4, 5, 7], (4, 14): [4, 5, 8, 14]}
245: {(3, 4): [3, 6, 4], (4, 7): [4, 5, 7], (4, 14): [4, 5, 8, 14]}
246: {(3, 4): [3, 6, 4], (4, 7): [4, 5, 7], (4, 14): [4, 5, 8, 14]}
247: {(3, 4): [3, 6, 4], (4, 7): [4, 5, 7], (4, 14): [4, 5, 8, 14]}
248: {(3, 4): [3, 6, 4], (4, 7): [4, 5, 7], (4, 14): [4, 5, 8, 14]}
249: {(3, 4): [3, 6, 4], (4, 7): [4, 5, 7], (4, 14): [4, 5, 8, 14]}
250: {(3, 4): [3, 6, 4], (4, 7): [4, 5, 7], (4, 14): [4, 5, 8, 14]}
251: {(3, 4): [3, 6, 4], (4, 7): [4, 5, 7], (4, 14): [4, 5, 8, 14]}
252: {(3, 4): [3, 6, 4], (4, 7): [4, 5, 7], (4, 14): [4, 5, 8, 14]}
253: {(3, 4): [3, 6, 4], (4, 7): [4, 5, 7], (4, 14): [4, 5, 8, 14]}
254: {(3, 4): [3, 6, 4], (4, 7): [4, 5, 7], (4, 14): [4, 5, 8, 14]}
255: {(3, 4): [3, 6, 4], (4, 7): [4, 5, 7], (4, 14): [4, 5, 8, 14]}
256: {(3, 4): [3, 6, 4], (4, 7): [4, 5, 7], (4, 14): [4, 5, 8, 14]}
257: {(3, 4): [3, 6, 4], (4, 7): [4, 5, 7], (4, 14): [4, 5, 8, 14]}
258: {(3, 4): [3, 6, 4], (4, 7): [4, 5, 7], (4, 14): [4, 5, 8, 14]}
259: {(3, 4): [3, 6, 4], (4, 7): [4, 5, 7], (4, 14): [4, 5, 8, 14]}
260: {(3, 4): [3, 6, 4], (4, 7): [4, 5, 7], (4, 14): [4, 5, 8, 14]}
261: {(3, 4): [3, 6, 4], (4, 7): [4, 5, 7], (4, 14): [4, 5, 8, 14]}
262: {(3, 4): [3, 6, 4], (4, 7): [4, 5, 7], (4, 14): [4, 5, 8, 14]}
263: {(3, 4): [3, 6, 4], (4, 7): [4, 5, 7], (4, 14): [4, 5, 8, 14]}
264: {(3, 4): [3, 6, 4], (4, 7): [4, 5, 7], (4, 14): [4, 5, 8, 14]}
265: {(3, 4): [3, 6, 4], (4, 7): [4, 5, 7], (4, 14): [4, 5, 8, 14]}
266: {(3, 4): [3, 6, 4], (4, 7): [4, 5, 7], (4, 14): [4, 5, 8, 14]}
267: {(3, 4): [3, 6, 4], (4, 7): [4, 5, 7], (4, 14): [4, 5, 8, 14]}
268: {(3, 4): [3, 6, 4], (4, 7): [4, 5, 7], (4, 14): [4, 5, 8, 14]}
269: {(3, 4): [3, 6, 4], (4, 7): [4, 5, 7], (4, 14): [4, 5, 8, 14]}
270: {(3, 4): [3, 6, 4], (4, 7): [4, 5, 7], (4, 14): [4, 5, 8, 14]}
271: {(3, 4): [3, 6, 4], (4, 7): [4, 5, 7], (4, 14): [4, 5, 8, 14]}
272: {(3, 4): [3, 6, 4], (4, 7): [4, 5, 7], (4, 14): [4, 5, 8, 14]}
273: {(3, 4): [3, 6, 4], (4, 7): [4, 5, 7], (4, 14): [4, 5, 8, 14]}
274: {(3, 4): [3, 6, 4], (4, 7): [4, 5, 7], (4, 14): [4, 5, 8, 14]}
275: {(3, 4): [3, 6, 4], (4, 7): [4, 5, 7], (4, 14): [4, 5, 8, 14]}
276: {(3, 4): [3, 6, 4], (4, 7): [4, 5, 7], (4, 14): [4, 5, 8, 14]}
277: {(3, 4): [3, 6, 4], (4, 7): [4, 5, 7], (4, 14): [4, 5, 8, 14]}
278: {(3, 4): [3, 6, 4], (4, 7): [4, 5, 7], (4, 14): [4, 5, 8, 14]}
279: {(3, 4): [3, 6, 4], (4, 7): [4, 5, 7], (4, 14): [4, 5, 8, 14]}
280: {(3, 4): [3, 6, 4], (4, 7): [4, 5, 7], (4, 14): [4, 5, 8, 14]}
281: {(3, 4): [3, 6, 4], (4, 7): [4, 5, 7], (4, 14): [4, 5, 8, 14]}
282: {(3, 4): [3, 6, 4], (4, 7): [4, 5, 7], (4, 14): [4, 5, 8, 14]}
283: {(3, 4): [3, 6, 4], (4, 7): [4, 5, 7], (4, 14): [4, 5, 8, 14]}
284: {(3, 4): [3, 6, 4], (4, 7): [4, 5, 7], (4, 14): [4, 5, 8, 14]}
285: {(3, 4): [3, 6, 4], (4, 7): [4, 5, 7], (4, 14): [4, 5, 8, 14]}
286: {(3, 4): [3, 6, 4], (4, 7): [4, 5, 7], (4, 14): [4, 5, 8, 14]}
287: {(3, 4): [3, 6, 4], (4, 7): [4, 5, 7], (4, 14): [4, 5, 8, 14]}
288: {(3, 4): [3, 6, 4], (4, 7): [4, 5, 7], (4, 14): [4, 5, 8, 14]}
289: {(3, 4): [3, 6, 4], (4, 7): [4, 5, 7], (4, 14): [4, 5, 8, 14]}
290: {(3, 4): [3, 6, 4], (4, 7): [4, 5, 7], (4, 14): [4, 5, 8, 14]}
291: {(3, 4): [3, 6, 4], (4, 7): [4, 5, 7], (4, 14): [4, 5, 8, 14]}
292: {(3, 4): [3, 6, 4], (4, 7): [4, 5, 7], (4, 14): [4, 5, 8, 14]}
293: {(3, 4): [3, 6, 4], (4, 7): [4, 5, 7], (4, 14): [4, 5, 8, 14]}
294: {(3, 4): [3, 6, 4], (4, 7): [4, 5, 7], (4, 14): [4, 5, 8, 14]}
295: {(3, 4): [3, 6, 4], (4, 7): [4, 5, 7], (4, 14): [4, 5, 8, 14]}
296: {(3, 4): [3, 6, 4], (4, 7): [4, 5, 7], (4, 14): [4, 5, 8, 14]}
297: {(3, 4): [3, 6, 4], (4, 7): [4, 5, 7], (4, 14): [4, 5, 8, 14]}
298: {(3, 4): [3, 6, 4], (4, 7): [4, 5, 7], (4, 14): [4, 5, 8, 14]}
299: {(3, 4): [3, 6, 4], (4, 7): [4, 5, 7], (4, 14): [4, 5, 8, 14]}
300: {(3, 4): [3, 6, 4], (4, 7): [4, 5, 7], (4, 14): [4, 5, 8, 14]}
301: {(3, 4): [3, 6, 4], (4, 7): [4, 5, 7], (4, 14): [4, 5, 8, 14]}
302: {(3, 4): [3, 6, 4], (4, 7): [4, 5, 7], (4, 14): [4, 5, 8, 14]}
303: {(3, 4): [3, 6, 4], (4, 7): [4, 5, 7], (4, 14): [4, 5, 8, 14]}
304: {(3, 4): [3, 6, 4], (4, 7): [4, 5, 7], (4, 14): [4, 5, 8, 14]}
305: {(3, 4): [3, 6, 4], (4, 7): [4, 5, 7], (4, 14): [4, 5, 8, 14]}
306: {(3, 4): [3, 6, 4], (4, 7): [4, 5, 7], (4, 14): [4, 5, 8, 14]}
307: {(3, 4): [3, 6, 4], (4, 7): [4, 5, 7], (4, 14): [4, 5, 8, 14]}
308: {(3, 4): [3, 6, 4], (4, 7): [4, 5, 7], (4, 14): [4, 5, 8, 14]}
309: {(3, 4): [3, 6, 4], (4, 7): [4, 5, 7], (4, 14): [4, 5, 8, 14]}
310: {(3, 4): [3, 6, 4], (4, 7): [4, 5, 7], (4, 14): [4, 5, 8, 14]}
311: {(3, 4): [3, 6, 4], (4, 7): [4, 5, 7], (4, 14): [4, 5, 8, 14]}
312: {(3, 4): [3, 6, 4], (4, 7): [4, 5, 7], (4, 14): [4, 5, 8, 14]}
313: {(3, 4): [3, 6, 4], (4, 7): [4, 5, 7], (4, 14): [4, 5, 8, 14]}
314: {(3, 4): [3, 6, 4], (4, 7): [4, 5, 7], (4, 14): [4, 5, 8, 14]}
315: {(3, 4): [3, 6, 4], (4, 7): [4, 5, 7], (4, 14): [4, 5, 8, 14]}
316: {(3, 4): [3, 6, 4], (4, 7): [4, 5, 7], (4, 14): [4, 5, 8, 14]}
317: {(3, 4): [3, 6, 4], (4, 7): [4, 5, 7], (4, 14): [4, 5, 8, 14]}
318: {(3, 4): [3, 6, 4], (4, 7): [4, 5, 7], (4, 14): [4, 5, 8, 14]}
319: {(3, 4): [3, 6, 4], (4, 7): [4, 5, 7], (4, 14): [4, 5, 8, 14]}
320: {(3, 4): [3, 6, 4], (4, 7): [4, 5, 7], (4, 14): [4, 5, 8, 14]}
321: {(3, 4): [3, 6, 4], (4, 7): [4, 5, 7], (4, 14): [4, 5, 8, 14]}
322: {(3, 4): [3, 6, 4], (4, 7): [4, 5, 7], (4, 14): [4, 5, 8, 14]}
323: {(3, 4): [3, 6, 4], (4, 7): [4, 5, 7], (4, 14): [4, 5, 8, 14]}
324: {(3, 4): [3, 6, 4], (4, 7): [4, 5, 7], (4, 14): [4, 5, 8, 14]}
325: {(3, 4): [3, 6, 4], (4, 7): [4, 5, 7], (4, 14): [4, 5, 8, 14]}
326: {(3, 4): [3, 6, 4], (4, 7): [4, 5, 7], (4, 14): [4, 5, 8, 14]}
327: {(3, 4): [3, 6, 4], (4, 7): [4, 5, 7], (4, 14): [4, 5, 8, 14]}
328: {(3, 4): [3, 6, 4], (4, 7): [4, 5, 7], (4, 14): [4, 5, 8, 14]}
329: {(3, 4): [3, 6, 4], (4, 7): [4, 5, 7], (4, 14): [4, 5, 8, 14]}
330: {(3, 4): [3, 6, 4], (4, 7): [4, 5, 7], (4, 14): [4, 5, 8, 14]}
331: {(3, 4): [3, 6, 4], (4, 7): [4, 5, 7], (4, 14): [4, 5, 8, 14]}
332: {(3, 4): [3, 6, 4], (4, 7): [4, 5, 7], (4, 14): [4, 5, 8, 14]}
333: {(3, 4): [3, 6, 4], (4, 7): [4, 5, 7], (4, 14): [4, 5, 8, 14]}
334: {(3, 4): [3, 6, 4], (4, 7): [4, 5, 7], (4, 14): [4, 5, 8, 14]}
335: {(3, 4): [3, 6, 4], (4, 7): [4, 5, 7], (4, 14): [4, 5, 8, 14]}
336: {(3, 4): [3, 6, 4], (4, 7): [4, 5, 7], (4, 14): [4, 5, 8, 14]}
337: {(3, 4): [3, 6, 4], (4, 7): [4, 5, 7], (4, 14): [4, 5, 8, 14]}
338: {(3, 4): [3, 6, 4], (4, 7): [4, 5, 7], (4, 14): [4, 5, 8, 14]}
339: {(3, 4): [3, 6, 4], (4, 7): [4, 5, 7], (4, 14): [4, 5, 8, 14]}
340: {(3, 4): [3, 6, 4], (4, 7): [4, 5, 7], (4, 14): [4, 5, 8, 14]}
341: {(3, 4): [3, 6, 4], (4, 7): [4, 5, 7], (4, 14): [4, 5, 8, 14]}
342: {(3, 4): [3, 6, 4], (4, 7): [4, 5, 7], (4, 14): [4, 5, 8, 14]}
343: {(3, 4): [3, 6, 4], (4, 7): [4, 5, 7], (4, 14): [4, 5, 8, 14]}
344: {(3, 4): [3, 6, 4], (4, 7): [4, 5, 7], (4, 14): [4, 5, 8, 14]}
345: {(3, 4): [3, 6, 4], (4, 7): [4, 5, 7], (4, 14): [4, 5, 8, 14]}
346: {(3, 4): [3, 6, 4], (4, 7): [4, 5, 7], (4, 14): [4, 5, 8, 14]}
347: {(3, 4): [3, 6, 4], (4, 7): [4, 5, 7], (4, 14): [4, 5, 8, 14]}
348: {(3, 4): [3, 6, 4], (4, 7): [4, 5, 7], (4, 14): [4, 5, 8, 14]}
349: {(3, 4): [3, 6, 4], (4, 7): [4, 5, 7], (4, 14): [4, 5, 8, 14]}
350: {(3, 4): [3, 6, 4], (4, 7): [4, 5, 7], (4, 14): [4, 5, 8, 14]}
351: {(3, 4): [3, 6, 4], (4, 7): [4, 5, 7], (4, 14): [4, 5, 8, 14]}
352: {(3, 4): [3, 6, 4], (4, 7): [4, 5, 7], (4, 14): [4, 5, 8, 14]}
353: {(3, 4): [3, 6, 4], (4, 7): [4, 5, 7], (4, 14): [4, 5, 8, 14]}
354: {(3, 4): [3, 6, 4], (4, 7): [4, 5, 7], (4, 14): [4, 5, 8, 14]}
355: {(3, 4): [3, 6, 4], (4, 7): [4, 5, 7], (4, 14): [4, 5, 8, 14]}
356: {(3, 4): [3, 6, 4], (4, 7): [4, 5, 7], (4, 14): [4, 5, 8, 14]}
357: {(3, 4): [3, 6, 4], (4, 7): [4, 5, 7], (4, 14): [4, 5, 8, 14]}
358: {(3, 4): [3, 6, 4], (4, 7): [4, 5, 7], (4, 14): [4, 5, 8, 14]}
359: {(3, 4): [3, 6, 4], (4, 7): [4, 5, 7], (4, 14): [4, 5, 8, 14]}
360: {(3, 4): [3, 6, 4], (4, 7): [4, 5, 7], (4, 14): [4, 5, 8, 14]}
361: {(3, 4): [3, 6, 4], (4, 7): [4, 5, 7], (4, 14): [4, 5, 8, 14]}
362: {(3, 4): [3, 6, 4], (4, 7): [4, 5, 7], (4, 14): [4, 5, 8, 14]}
363: {(3, 4): [3, 6, 4], (4, 7): [4, 5, 7], (4, 14): [4, 5, 8, 14]}
364: {(3, 4): [3, 6, 4], (4, 7): [4, 5, 7], (4, 14): [4, 5, 8, 14]}
365: {(3, 4): [3, 6, 4], (4, 7): [4, 5, 7], (4, 14): [4, 5, 8, 14]}
366: {(3, 4): [3, 6, 4], (4, 7): [4, 5, 7], (4, 14): [4, 5, 8, 14]}
367: {(3, 4): [3, 6, 4], (4, 7): [4, 5, 7], (4, 14): [4, 5, 8, 14]}
368: {(3, 4): [3, 6, 4], (4, 7): [4, 5, 7], (4, 14): [4, 5, 8, 14]}
369: {(3, 4): [3, 6, 4], (4, 7): [4, 5, 7], (4, 14): [4, 5, 8, 14]}
370: {(3, 4): [3, 6, 4], (4, 7): [4, 5, 7], (4, 14): [4, 5, 8, 14]}
371: {(3, 4): [3, 6, 4], (4, 7): [4, 5, 7], (4, 14): [4, 5, 8, 14]}
372: {(3, 4): [3, 6, 4], (4, 7): [4, 5, 7], (4, 14): [4, 5, 8, 14]}
373: {(3, 4): [3, 6, 4], (4, 7): [4, 5, 7], (4, 14): [4, 5, 8, 14]}
374: {(3, 4): [3, 6, 4], (4, 7): [4, 5, 7], (4, 14): [4, 5, 8, 14]}
375: {(3, 4): [3, 6, 4], (4, 7): [4, 5, 7], (4, 14): [4, 5, 8, 14]}
376: {(3, 4): [3, 6, 4], (4, 7): [4, 5, 7], (4, 14): [4, 5, 8, 14]}
377: {(3, 4): [3, 6, 4], (4, 7): [4, 5, 7], (4, 14): [4, 5, 8, 14]}
378: {(3, 4): [3, 6, 4], (4, 7): [4, 5, 7], (4, 14): [4, 5, 8, 14]}
379: {(3, 4): [3, 6, 4], (4, 7): [4, 5, 7], (4, 14): [4, 5, 8, 14]}
380: {(3, 4): [3, 6, 4], (4, 7): [4, 5, 7], (4, 14): [4, 5, 8, 14]}
381: {(3, 4): [3, 6, 4], (4, 7): [4, 5, 7], (4, 14): [4, 5, 8, 14]}
382: {(3, 4): [3, 6, 4], (4, 7): [4, 5, 7], (4, 14): [4, 5, 8, 14]}
383: {(3, 4): [3, 6, 4], (4, 7): [4, 5, 7], (4, 14): [4, 5, 8, 14]}
384: {(3, 4): [3, 6, 4], (4, 7): [4, 5, 7], (4, 14): [4, 5, 8, 14]}
385: {(3, 4): [3, 6, 4], (4, 7): [4, 5, 7], (4, 14): [4, 5, 8, 14]}
386: {(3, 4): [3, 6, 4], (4, 7): [4, 5, 7], (4, 14): [4, 5, 8, 14]}
387: {(3, 4): [3, 6, 4], (4, 7): [4, 5, 7], (4, 14): [4, 5, 8, 14]}
388: {(3, 4): [3, 6, 4], (4, 7): [4, 5, 7], (4, 14): [4, 5, 8, 14]}
389: {(3, 4): [3, 6, 4], (4, 7): [4, 5, 7], (4, 14): [4, 5, 8, 14]}
390: {(3, 4): [3, 6, 4], (4, 7): [4, 5, 7], (4, 14): [4, 5, 8, 14]}
391: {(3, 4): [3, 6, 4], (4, 7): [4, 5, 7], (4, 14): [4, 5, 8, 14]}
392: {(3, 4): [3, 6, 4], (4, 7): [4, 5, 7], (4, 14): [4, 5, 8, 14]}
393: {(3, 4): [3, 6, 4], (4, 7): [4, 5, 7], (4, 14): [4, 5, 8, 14]}
394: {(3, 4): [3, 6, 4], (4, 7): [4, 5, 7], (4, 14): [4, 5, 8, 14]}
395: {(3, 4): [3, 6, 4], (4, 7): [4, 5, 7], (4, 14): [4, 5, 8, 14]}
396: {(3, 4): [3, 6, 4], (4, 7): [4, 5, 7], (4, 14): [4, 5, 8, 14]}
397: {(3, 4): [3, 6, 4], (4, 7): [4, 5, 7], (4, 14): [4, 5, 8, 14]}
398: {(3, 4): [3, 6, 4], (4, 7): [4, 5, 7], (4, 14): [4, 5, 8, 14]}
399: {(3, 4): [3, 6, 4], (4, 7): [4, 5, 7], (4, 14): [4, 5, 8, 14]}
400: {(3, 4): [3, 6, 4], (4, 7): [4, 5, 7], (4, 14): [4, 5, 8, 14]}
401: {(3, 4): [3, 6, 4], (4, 7): [4, 5, 7], (4, 14): [4, 5, 8, 14]}
402: {(3, 4): [3, 6, 4], (4, 7): [4, 5, 7], (4, 14): [4, 5, 8, 14]}
403: {(3, 4): [3, 6, 4], (4, 7): [4, 5, 7], (4, 14): [4, 5, 8, 14]}
404: {(3, 4): [3, 6, 4], (4, 7): [4, 5, 7], (4, 14): [4, 5, 8, 14]}
405: {(3, 4): [3, 6, 4], (4, 7): [4, 5, 7], (4, 14): [4, 5, 8, 14]}
406: {(3, 4): [3, 6, 4], (4, 7): [4, 5, 7], (4, 14): [4, 5, 8, 14]}
407: {(3, 4): [3, 6, 4], (4, 7): [4, 5, 7], (4, 14): [4, 5, 8, 14]}
408: {(3, 4): [3, 6, 4], (4, 7): [4, 5, 7], (4, 14): [4, 5, 8, 14]}
409: {(3, 4): [3, 6, 4], (4, 7): [4, 5, 7], (4, 14): [4, 5, 8, 14]}
410: {(3, 4): [3, 6, 4], (4, 7): [4, 5, 7], (4, 14): [4, 5, 8, 14]}
411: {(3, 4): [3, 6, 4], (4, 7): [4, 5, 7], (4, 14): [4, 5, 8, 14]}
412: {(3, 4): [3, 6, 4], (4, 7): [4, 5, 7], (4, 14): [4, 5, 8, 14]}
413: {(3, 4): [3, 6, 4], (4, 7): [4, 5, 7], (4, 14): [4, 5, 8, 14]}
414: {(3, 4): [3, 6, 4], (4, 7): [4, 5, 7], (4, 14): [4, 5, 8, 14]}
415: {(3, 4): [3, 6, 4], (4, 7): [4, 5, 7], (4, 14): [4, 5, 8, 14]}
416: {(3, 4): [3, 6, 4], (4, 7): [4, 5, 7], (4, 14): [4, 5, 8, 14]}
417: {(3, 4): [3, 6, 4], (4, 7): [4, 5, 7], (4, 14): [4, 5, 8, 14]}
418: {(3, 4): [3, 6, 4], (4, 7): [4, 5, 7], (4, 14): [4, 5, 8, 14]}
419: {(3, 4): [3, 6, 4], (4, 7): [4, 5, 7], (4, 14): [4, 5, 8, 14]}
420: {(3, 4): [3, 6, 4], (4, 7): [4, 5, 7], (4, 14): [4, 5, 8, 14]}
421: {(3, 4): [3, 6, 4], (4, 7): [4, 5, 7], (4, 14): [4, 5, 8, 14]}
422: {(3, 4): [3, 6, 4], (4, 7): [4, 5, 7], (4, 14): [4, 5, 8, 14]}
423: {(3, 4): [3, 6, 4], (4, 7): [4, 5, 7], (4, 14): [4, 5, 8, 14]}
424: {(3, 4): [3, 6, 4], (4, 7): [4, 5, 7], (4, 14): [4, 5, 8, 14]}
425: {(3, 4): [3, 6, 4], (4, 7): [4, 5, 7], (4, 14): [4, 5, 8, 14]}
426: {(3, 4): [3, 6, 4], (4, 7): [4, 5, 7], (4, 14): [4, 5, 8, 14]}
427: {(3, 4): [3, 6, 4], (4, 7): [4, 5, 7], (4, 14): [4, 5, 8, 14]}
428: {(3, 4): [3, 6, 4], (4, 7): [4, 5, 7], (4, 14): [4, 5, 8, 14]}
429: {(3, 4): [3, 6, 4], (4, 7): [4, 5, 7], (4, 14): [4, 5, 8, 14]}
430: {(3, 4): [3, 6, 4], (4, 7): [4, 5, 7], (4, 14): [4, 5, 8, 14]}
431: {(3, 4): [3, 6, 4], (4, 7): [4, 5, 7], (4, 14): [4, 5, 8, 14]}
432: {(3, 4): [3, 6, 4], (4, 7): [4, 5, 7], (4, 14): [4, 5, 8, 14]}
433: {(3, 4): [3, 6, 4], (4, 7): [4, 5, 7], (4, 14): [4, 5, 8, 14]}
434: {(3, 4): [3, 6, 4], (4, 7): [4, 5, 7], (4, 14): [4, 5, 8, 14]}
435: {(3, 4): [3, 6, 4], (4, 7): [4, 5, 7], (4, 14): [4, 5, 8, 14]}
436: {(3, 4): [3, 6, 4], (4, 7): [4, 5, 7], (4, 14): [4, 5, 8, 14]}
437: {(3, 4): [3, 6, 4], (4, 7): [4, 5, 7], (4, 14): [4, 5, 8, 14]}
438: {(3, 4): [3, 6, 4], (4, 7): [4, 5, 7], (4, 14): [4, 5, 8, 14]}
439: {(3, 4): [3, 6, 4], (4, 7): [4, 5, 7], (4, 14): [4, 5, 8, 14]}
440: {(3, 4): [3, 6, 4], (4, 7): [4, 5, 7], (4, 14): [4, 5, 8, 14]}
441: {(3, 4): [3, 6, 4], (4, 7): [4, 5, 7], (4, 14): [4, 5, 8, 14]}
442: {(3, 4): [3, 6, 4], (4, 7): [4, 5, 7], (4, 14): [4, 5, 8, 14]}
443: {(3, 4): [3, 6, 4], (4, 7): [4, 5, 7], (4, 14): [4, 5, 8, 14]}
444: {(3, 4): [3, 6, 4], (4, 7): [4, 5, 7], (4, 14): [4, 5, 8, 14]}
445: {(3, 4): [3, 6, 4], (4, 7): [4, 5, 7], (4, 14): [4, 5, 8, 14]}
446: {(3, 4): [3, 6, 4], (4, 7): [4, 5, 7], (4, 14): [4, 5, 8, 14]}
447: {(3, 4): [3, 6, 4], (4, 7): [4, 5, 7], (4, 14): [4, 5, 8, 14]}
448: {(3, 4): [3, 6, 4], (4, 7): [4, 5, 7], (4, 14): [4, 5, 8, 14]}
449: {(3, 4): [3, 6, 4], (4, 7): [4, 5, 7], (4, 14): [4, 5, 8, 14]}
450: {(3, 4): [3, 6, 4], (4, 7): [4, 5, 7], (4, 14): [4, 5, 8, 14]}
451: {(3, 4): [3, 6, 4], (4, 7): [4, 5, 7], (4, 14): [4, 5, 8, 14]}
452: {(3, 4): [3, 6, 4], (4, 7): [4, 5, 7], (4, 14): [4, 5, 8, 14]}
453: {(3, 4): [3, 6, 4], (4, 7): [4, 5, 7], (4, 14): [4, 5, 8, 14]}
454: {(3, 4): [3, 6, 4], (4, 7): [4, 5, 7], (4, 14): [4, 5, 8, 14]}
455: {(3, 4): [3, 6, 4], (4, 7): [4, 5, 7], (4, 14): [4, 5, 8, 14]}
456: {(3, 4): [3, 6, 4], (4, 7): [4, 5, 7], (4, 14): [4, 5, 8, 14]}
457: {(3, 4): [3, 6, 4], (4, 7): [4, 5, 7], (4, 14): [4, 5, 8, 14]}
458: {(3, 4): [3, 6, 4], (4, 7): [4, 5, 7], (4, 14): [4, 5, 8, 14]}
459: {(3, 4): [3, 6, 4], (4, 7): [4, 5, 7], (4, 14): [4, 5, 8, 14]}
460: {(3, 4): [3, 6, 4], (4, 7): [4, 5, 7], (4, 14): [4, 5, 8, 14]}
461: {(3, 4): [3, 6, 4], (4, 7): [4, 5, 7], (4, 14): [4, 5, 8, 14]}
462: {(3, 4): [3, 6, 4], (4, 7): [4, 5, 7], (4, 14): [4, 5, 8, 14]}
463: {(3, 4): [3, 6, 4], (4, 7): [4, 5, 7], (4, 14): [4, 5, 8, 14]}
464: {(3, 4): [3, 6, 4], (4, 7): [4, 5, 7], (4, 14): [4, 5, 8, 14]}
465: {(3, 4): [3, 6, 4], (4, 7): [4, 5, 7], (4, 14): [4, 5, 8, 14]}
466: {(3, 4): [3, 6, 4], (4, 7): [4, 5, 7], (4, 14): [4, 5, 8, 14]}
467: {(3, 4): [3, 6, 4], (4, 7): [4, 5, 7], (4, 14): [4, 5, 8, 14]}
468: {(3, 4): [3, 6, 4], (4, 7): [4, 5, 7], (4, 14): [4, 5, 8, 14]}
469: {(3, 4): [3, 6, 4], (4, 7): [4, 5, 7], (4, 14): [4, 5, 8, 14]}
470: {(3, 4): [3, 6, 4], (4, 7): [4, 5, 7], (4, 14): [4, 5, 8, 14]}
471: {(3, 4): [3, 6, 4], (4, 7): [4, 5, 7], (4, 14): [4, 5, 8, 14]}
472: {(3, 4): [3, 6, 4], (4, 7): [4, 5, 7], (4, 14): [4, 5, 8, 14]}
473: {(3, 4): [3, 6, 4], (4, 7): [4, 5, 7], (4, 14): [4, 5, 8, 14]}
474: {(3, 4): [3, 6, 4], (4, 7): [4, 5, 7], (4, 14): [4, 5, 8, 14]}
475: {(3, 4): [3, 6, 4], (4, 7): [4, 5, 7], (4, 14): [4, 5, 8, 14]}
476: {(3, 4): [3, 6, 4], (4, 7): [4, 5, 7], (4, 14): [4, 5, 8, 14]}
477: {(3, 4): [3, 6, 4], (4, 7): [4, 5, 7], (4, 14): [4, 5, 8, 14]}
478: {(3, 4): [3, 6, 4], (4, 7): [4, 5, 7], (4, 14): [4, 5, 8, 14]}
479: {(3, 4): [3, 6, 4], (4, 7): [4, 5, 7], (4, 14): [4, 5, 8, 14]}
480: {(3, 4): [3, 6, 4], (4, 7): [4, 5, 7], (4, 14): [4, 5, 8, 14]}
481: {(3, 4): [3, 6, 4], (4, 7): [4, 5, 7], (4, 14): [4, 5, 8, 14]}
482: {(3, 4): [3, 6, 4], (4, 7): [4, 5, 7], (4, 14): [4, 5, 8, 14]}
483: {(3, 4): [3, 6, 4], (4, 7): [4, 5, 7], (4, 14): [4, 5, 8, 14]}
484: {(3, 4): [3, 6, 4], (4, 7): [4, 5, 7], (4, 14): [4, 5, 8, 14]}
485: {(3, 4): [3, 6, 4], (4, 7): [4, 5, 7], (4, 14): [4, 5, 8, 14]}
486: {(3, 4): [3, 6, 4], (4, 7): [4, 5, 7], (4, 14): [4, 5, 8, 14]}
487: {(3, 4): [3, 6, 4], (4, 7): [4, 5, 7], (4, 14): [4, 5, 8, 14]}
488: {(3, 4): [3, 6, 4], (4, 7): [4, 5, 7], (4, 14): [4, 5, 8, 14]}
489: {(3, 4): [3, 6, 4], (4, 7): [4, 5, 7], (4, 14): [4, 5, 8, 14]}
490: {(3, 4): [3, 6, 4], (4, 7): [4, 5, 7], (4, 14): [4, 5, 8, 14]}
491: {(3, 4): [3, 6, 4], (4, 7): [4, 5, 7], (4, 14): [4, 5, 8, 14]}
492: {(3, 4): [3, 6, 4], (4, 7): [4, 5, 7], (4, 14): [4, 5, 8, 14]}
493: {(3, 4): [3, 6, 4], (4, 7): [4, 5, 7], (4, 14): [4, 5, 8, 14]}
494: {(3, 4): [3, 6, 4], (4, 7): [4, 5, 7], (4, 14): [4, 5, 8, 14]}
495: {(3, 4): [3, 6, 4], (4, 7): [4, 5, 7], (4, 14): [4, 5, 8, 14]}
496: {(3, 4): [3, 6, 4], (4, 7): [4, 5, 7], (4, 14): [4, 5, 8, 14]}
497: {(3, 4): [3, 6, 4], (4, 7): [4, 5, 7], (4, 14): [4, 5, 8, 14]}
498: {(3, 4): [3, 6, 4], (4, 7): [4, 5, 7], (4, 14): [4, 5, 8, 14]}
499: {(3, 4): [3, 6, 4], (4, 7): [4, 5, 7], (4, 14): [4, 5, 8, 14]}
500: {(3, 4): [3, 6, 4], (4, 7): [4, 5, 7], (4, 14): [4, 5, 8, 14]}
501: {(3, 4): [3, 6, 4], (4, 7): [4, 5, 7], (4, 14): [4, 5, 8, 14]}
502: {(3, 4): [3, 6, 4], (4, 7): [4, 5, 7], (4, 14): [4, 5, 8, 14]}
503: {(3, 4): [3, 6, 4], (4, 7): [4, 5, 7], (4, 14): [4, 5, 8, 14]}
504: {(3, 4): [3, 6, 4], (4, 7): [4, 5, 7], (4, 14): [4, 5, 8, 14]}
505: {(3, 4): [3, 6, 4], (4, 7): [4, 5, 7], (4, 14): [4, 5, 8, 14]}
506: {(3, 4): [3, 6, 4], (4, 7): [4, 5, 7], (4, 14): [4, 5, 8, 14]}
507: {(3, 4): [3, 6, 4], (4, 7): [4, 5, 7], (4, 14): [4, 5, 8, 14]}
508: {(3, 4): [3, 6, 4], (4, 7): [4, 5, 7], (4, 14): [4, 5, 8, 14]}
509: {(3, 4): [3, 6, 4], (4, 7): [4, 5, 7], (4, 14): [4, 5, 8, 14]}
510: {(3, 4): [3, 6, 4], (4, 7): [4, 5, 7], (4, 14): [4, 5, 8, 14]}
511: {(3, 4): [3, 6, 4], (4, 7): [4, 5, 7], (4, 14): [4, 5, 8, 14]}
512: {(3, 4): [3, 6, 4], (4, 7): [4, 5, 7], (4, 14): [4, 5, 8, 14]}
513: {(3, 4): [3, 6, 4], (4, 7): [4, 5, 7], (4, 14): [4, 5, 8, 14]}
514: {(3, 4): [3, 6, 4], (4, 7): [4, 5, 7], (4, 14): [4, 5, 8, 14]}
515: {(3, 4): [3, 6, 4], (4, 7): [4, 5, 7], (4, 14): [4, 5, 8, 14]}
516: {(3, 4): [3, 6, 4], (4, 7): [4, 5, 7], (4, 14): [4, 5, 8, 14]}
517: {(3, 4): [3, 6, 4], (4, 7): [4, 5, 7], (4, 14): [4, 5, 8, 14]}
518: {(3, 4): [3, 6, 4], (4, 7): [4, 5, 7], (4, 14): [4, 5, 8, 14]}
519: {(3, 4): [3, 6, 4], (4, 7): [4, 5, 7], (4, 14): [4, 5, 8, 14]}
520: {(3, 4): [3, 6, 4], (4, 7): [4, 5, 7], (4, 14): [4, 5, 8, 14]}
521: {(3, 4): [3, 6, 4], (4, 7): [4, 5, 7], (4, 14): [4, 5, 8, 14]}
522: {(3, 4): [3, 6, 4], (4, 7): [4, 5, 7], (4, 14): [4, 5, 8, 14]}
523: {(3, 4): [3, 6, 4], (4, 7): [4, 5, 7], (4, 14): [4, 5, 8, 14]}
524: {(3, 4): [3, 6, 4], (4, 7): [4, 5, 7], (4, 14): [4, 5, 8, 14]}
525: {(3, 4): [3, 6, 4], (4, 7): [4, 5, 7], (4, 14): [4, 5, 8, 14]}
526: {(3, 4): [3, 6, 4], (4, 7): [4, 5, 7], (4, 14): [4, 5, 8, 14]}
527: {(3, 4): [3, 6, 4], (4, 7): [4, 5, 7], (4, 14): [4, 5, 8, 14]}
528: {(3, 4): [3, 6, 4], (4, 7): [4, 5, 7], (4, 14): [4, 5, 8, 14]}
529: {(3, 4): [3, 6, 4], (4, 7): [4, 5, 7], (4, 14): [4, 5, 8, 14]}
530: {(3, 4): [3, 6, 4], (4, 7): [4, 5, 7], (4, 14): [4, 5, 8, 14]}
531: {(3, 4): [3, 6, 4], (4, 7): [4, 5, 7], (4, 14): [4, 5, 8, 14]}
532: {(3, 4): [3, 6, 4], (4, 7): [4, 5, 7], (4, 14): [4, 5, 8, 14]}
533: {(3, 4): [3, 6, 4], (4, 7): [4, 5, 7], (4, 14): [4, 5, 8, 14]}
534: {(3, 4): [3, 6, 4], (4, 7): [4, 5, 7], (4, 14): [4, 5, 8, 14]}
535: {(3, 4): [3, 6, 4], (4, 7): [4, 5, 7], (4, 14): [4, 5, 8, 14]}
536: {(3, 4): [3, 6, 4], (4, 7): [4, 5, 7], (4, 14): [4, 5, 8, 14]}
537: {(3, 4): [3, 6, 4], (4, 7): [4, 5, 7], (4, 14): [4, 5, 8, 14]}
538: {(3, 4): [3, 6, 4], (4, 7): [4, 5, 7], (4, 14): [4, 5, 8, 14]}
539: {(3, 4): [3, 6, 4], (4, 7): [4, 5, 7], (4, 14): [4, 5, 8, 14]}
540: {(3, 4): [3, 6, 4], (4, 7): [4, 5, 7], (4, 14): [4, 5, 8, 14]}
541: {(3, 4): [3, 6, 4], (4, 7): [4, 5, 7], (4, 14): [4, 5, 8, 14]}
542: {(3, 4): [3, 6, 4], (4, 7): [4, 5, 7], (4, 14): [4, 5, 8, 14]}
543: {(3, 4): [3, 6, 4], (4, 7): [4, 5, 7], (4, 14): [4, 5, 8, 14]}
544: {(3, 4): [3, 6, 4], (4, 7): [4, 5, 7], (4, 14): [4, 5, 8, 14]}
545: {(3, 4): [3, 6, 4], (4, 7): [4, 5, 7], (4, 14): [4, 5, 8, 14]}
546: {(3, 4): [3, 6, 4], (4, 7): [4, 5, 7], (4, 14): [4, 5, 8, 14]}
547: {(3, 4): [3, 6, 4], (4, 7): [4, 5, 7], (4, 14): [4, 5, 8, 14]}
548: {(3, 4): [3, 6, 4], (4, 7): [4, 5, 7], (4, 14): [4, 5, 8, 14]}
549: {(3, 4): [3, 6, 4], (4, 7): [4, 5, 7], (4, 14): [4, 5, 8, 14]}
550: {(3, 4): [3, 6, 4], (4, 7): [4, 5, 7], (4, 14): [4, 5, 8, 14]}
551: {(3, 4): [3, 6, 4], (4, 7): [4, 5, 7], (4, 14): [4, 5, 8, 14]}
552: {(3, 4): [3, 6, 4], (4, 7): [4, 5, 7], (4, 14): [4, 5, 8, 14]}
553: {(3, 4): [3, 6, 4], (4, 7): [4, 5, 7], (4, 14): [4, 5, 8, 14]}
554: {(3, 4): [3, 6, 4], (4, 7): [4, 5, 7], (4, 14): [4, 5, 8, 14]}
555: {(3, 4): [3, 6, 4], (4, 7): [4, 5, 7], (4, 14): [4, 5, 8, 14]}
556: {(3, 4): [3, 6, 4], (4, 7): [4, 5, 7], (4, 14): [4, 5, 8, 14]}
557: {(3, 4): [3, 6, 4], (4, 7): [4, 5, 7], (4, 14): [4, 5, 8, 14]}
558: {(3, 4): [3, 6, 4], (4, 7): [4, 5, 7], (4, 14): [4, 5, 8, 14]}
559: {(3, 4): [3, 6, 4], (4, 7): [4, 5, 7], (4, 14): [4, 5, 8, 14]}
560: {(3, 4): [3, 6, 4], (4, 7): [4, 5, 7], (4, 14): [4, 5, 8, 14]}
561: {(3, 4): [3, 6, 4], (4, 7): [4, 5, 7], (4, 14): [4, 5, 8, 14]}
562: {(3, 4): [3, 6, 4], (4, 7): [4, 5, 7], (4, 14): [4, 5, 8, 14]}
563: {(3, 4): [3, 6, 4], (4, 7): [4, 5, 7], (4, 14): [4, 5, 8, 14]}
564: {(3, 4): [3, 6, 4], (4, 7): [4, 5, 7], (4, 14): [4, 5, 8, 14]}
565: {(3, 4): [3, 6, 4], (4, 7): [4, 5, 7], (4, 14): [4, 5, 8, 14]}
566: {(3, 4): [3, 6, 4], (4, 7): [4, 5, 7], (4, 14): [4, 5, 8, 14]}
567: {(3, 4): [3, 6, 4], (4, 7): [4, 5, 7], (4, 14): [4, 5, 8, 14]}
568: {(3, 4): [3, 6, 4], (4, 7): [4, 5, 7], (4, 14): [4, 5, 8, 14]}
569: {(3, 4): [3, 6, 4], (4, 7): [4, 5, 7], (4, 14): [4, 5, 8, 14]}
570: {(3, 4): [3, 6, 4], (4, 7): [4, 5, 7], (4, 14): [4, 5, 8, 14]}
571: {(3, 4): [3, 6, 4], (4, 7): [4, 5, 7], (4, 14): [4, 5, 8, 14]}
572: {(3, 4): [3, 6, 4], (4, 7): [4, 5, 7], (4, 14): [4, 5, 8, 14]}
573: {(3, 4): [3, 6, 4], (4, 7): [4, 5, 7], (4, 14): [4, 5, 8, 14]}
574: {(3, 4): [3, 6, 4], (4, 7): [4, 5, 7], (4, 14): [4, 5, 8, 14]}
575: {(3, 4): [3, 6, 4], (4, 7): [4, 5, 7], (4, 14): [4, 5, 8, 14]}
576: {(3, 4): [3, 6, 4], (4, 7): [4, 5, 7], (4, 14): [4, 5, 8, 14]}
577: {(3, 4): [3, 6, 4], (4, 7): [4, 5, 7], (4, 14): [4, 5, 8, 14]}
578: {(3, 4): [3, 6, 4], (4, 7): [4, 5, 7], (4, 14): [4, 5, 8, 14]}
579: {(3, 4): [3, 6, 4], (4, 7): [4, 5, 7], (4, 14): [4, 5, 8, 14]}
580: {(3, 4): [3, 6, 4], (4, 7): [4, 5, 7], (4, 14): [4, 5, 8, 14]}
581: {(3, 4): [3, 6, 4], (4, 7): [4, 5, 7], (4, 14): [4, 5, 8, 14]}
582: {(3, 4): [3, 6, 4], (4, 7): [4, 5, 7], (4, 14): [4, 5, 8, 14]}
583: {(3, 4): [3, 6, 4], (4, 7): [4, 5, 7], (4, 14): [4, 5, 8, 14]}
584: {(3, 4): [3, 6, 4], (4, 7): [4, 5, 7], (4, 14): [4, 5, 8, 14]}
585: {(3, 4): [3, 6, 4], (4, 7): [4, 5, 7], (4, 14): [4, 5, 8, 14]}
586: {(3, 4): [3, 6, 4], (4, 7): [4, 5, 7], (4, 14): [4, 5, 8, 14]}
587: {(3, 4): [3, 6, 4], (4, 7): [4, 5, 7], (4, 14): [4, 5, 8, 14]}
588: {(3, 4): [3, 6, 4], (4, 7): [4, 5, 7], (4, 14): [4, 5, 8, 14]}
589: {(3, 4): [3, 6, 4], (4, 7): [4, 5, 7], (4, 14): [4, 5, 8, 14]}
590: {(3, 4): [3, 6, 4], (4, 7): [4, 5, 7], (4, 14): [4, 5, 8, 14]}
591: {(3, 4): [3, 6, 4], (4, 7): [4, 5, 7], (4, 14): [4, 5, 8, 14]}
592: {(3, 4): [3, 6, 4], (4, 7): [4, 5, 7], (4, 14): [4, 5, 8, 14]}
593: {(3, 4): [3, 6, 4], (4, 7): [4, 5, 7], (4, 14): [4, 5, 8, 14]}
594: {(3, 4): [3, 6, 4], (4, 7): [4, 5, 7], (4, 14): [4, 5, 8, 14]}
595: {(3, 4): [3, 6, 4], (4, 7): [4, 5, 7], (4, 14): [4, 5, 8, 14]}
596: {(3, 4): [3, 6, 4], (4, 7): [4, 5, 7], (4, 14): [4, 5, 8, 14]}
597: {(3, 4): [3, 6, 4], (4, 7): [4, 5, 7], (4, 14): [4, 5, 8, 14]}
598: {(3, 4): [3, 6, 4], (4, 7): [4, 5, 7], (4, 14): [4, 5, 8, 14]}
599: {(3, 4): [3, 6, 4], (4, 7): [4, 5, 7], (4, 14): [4, 5, 8, 14]}
600: {(3, 4): [3, 6, 4], (4, 7): [4, 5, 7], (4, 14): [4, 5, 8, 14]}
601: {(3, 4): [3, 6, 4], (4, 7): [4, 5, 7], (4, 14): [4, 5, 8, 14]}
602: {(3, 4): [3, 6, 4], (4, 7): [4, 5, 7], (4, 14): [4, 5, 8, 14]}
603: {(3, 4): [3, 6, 4], (4, 7): [4, 5, 7], (4, 14): [4, 5, 8, 14]}
604: {(3, 4): [3, 6, 4], (4, 7): [4, 5, 7], (4, 14): [4, 5, 8, 14]}
605: {(3, 4): [3, 6, 4], (4, 7): [4, 5, 7], (4, 14): [4, 5, 8, 14]}
606: {(3, 4): [3, 6, 4], (4, 7): [4, 5, 7], (4, 14): [4, 5, 8, 14]}
607: {(3, 4): [3, 6, 4], (4, 7): [4, 5, 7], (4, 14): [4, 5, 8, 14]}
608: {(3, 4): [3, 6, 4], (4, 7): [4, 5, 7], (4, 14): [4, 5, 8, 14]}
609: {(3, 4): [3, 6, 4], (4, 7): [4, 5, 7], (4, 14): [4, 5, 8, 14]}
610: {(3, 4): [3, 6, 4], (4, 7): [4, 5, 7], (4, 14): [4, 5, 8, 14]}
611: {(3, 4): [3, 6, 4], (4, 7): [4, 5, 7], (4, 14): [4, 5, 8, 14]}
612: {(3, 4): [3, 6, 4], (4, 7): [4, 5, 7], (4, 14): [4, 5, 8, 14]}
613: {(3, 4): [3, 6, 4], (4, 7): [4, 5, 7], (4, 14): [4, 5, 8, 14]}
614: {(3, 4): [3, 6, 4], (4, 7): [4, 5, 7], (4, 14): [4, 5, 8, 14]}
615: {(3, 4): [3, 6, 4], (4, 7): [4, 5, 7], (4, 14): [4, 5, 8, 14]}
616: {(3, 4): [3, 6, 4], (4, 7): [4, 5, 7], (4, 14): [4, 5, 8, 14]}
617: {(3, 4): [3, 6, 4], (4, 7): [4, 5, 7], (4, 14): [4, 5, 8, 14]}
618: {(3, 4): [3, 6, 4], (4, 7): [4, 5, 7], (4, 14): [4, 5, 8, 14]}
619: {(3, 4): [3, 6, 4], (4, 7): [4, 5, 7], (4, 14): [4, 5, 8, 14]}
620: {(3, 4): [3, 6, 4], (4, 7): [4, 5, 7], (4, 14): [4, 5, 8, 14]}
621: {(3, 4): [3, 6, 4], (4, 7): [4, 5, 7], (4, 14): [4, 5, 8, 14]}
622: {(3, 4): [3, 6, 4], (4, 7): [4, 5, 7], (4, 14): [4, 5, 8, 14]}
623: {(3, 4): [3, 6, 4], (4, 7): [4, 5, 7], (4, 14): [4, 5, 8, 14]}
624: {(3, 4): [3, 6, 4], (4, 7): [4, 5, 7], (4, 14): [4, 5, 8, 14]}
625: {(3, 4): [3, 6, 4], (4, 7): [4, 5, 7], (4, 14): [4, 5, 8, 14]}
626: {(3, 4): [3, 6, 4], (4, 7): [4, 5, 7], (4, 14): [4, 5, 8, 14]}
627: {(3, 4): [3, 6, 4], (4, 7): [4, 5, 7], (4, 14): [4, 5, 8, 14]}
628: {(3, 4): [3, 6, 4], (4, 7): [4, 5, 7], (4, 14): [4, 5, 8, 14]}
629: {(3, 4): [3, 6, 4], (4, 7): [4, 5, 7], (4, 14): [4, 5, 8, 14]}
630: {(3, 4): [3, 6, 4], (4, 7): [4, 5, 7], (4, 14): [4, 5, 8, 14]}
631: {(3, 4): [3, 6, 4], (4, 7): [4, 5, 7], (4, 14): [4, 5, 8, 14]}
632: {(3, 4): [3, 6, 4], (4, 7): [4, 5, 7], (4, 14): [4, 5, 8, 14]}
633: {(3, 4): [3, 6, 4], (4, 7): [4, 5, 7], (4, 14): [4, 5, 8, 14]}
634: {(3, 4): [3, 6, 4], (4, 7): [4, 5, 7], (4, 14): [4, 5, 8, 14]}
635: {(3, 4): [3, 6, 4], (4, 7): [4, 5, 7], (4, 14): [4, 5, 8, 14]}
636: {(3, 4): [3, 6, 4], (4, 7): [4, 5, 7], (4, 14): [4, 5, 8, 14]}
637: {(3, 4): [3, 6, 4], (4, 7): [4, 5, 7], (4, 14): [4, 5, 8, 14]}
638: {(3, 4): [3, 6, 4], (4, 7): [4, 5, 7], (4, 14): [4, 5, 8, 14]}
639: {(3, 4): [3, 6, 4], (4, 7): [4, 5, 7], (4, 14): [4, 5, 8, 14]}
640: {(3, 4): [3, 6, 4], (4, 7): [4, 5, 7], (4, 14): [4, 5, 8, 14]}
641: {(3, 4): [3, 6, 4], (4, 7): [4, 5, 7], (4, 14): [4, 5, 8, 14]}
642: {(3, 4): [3, 6, 4], (4, 7): [4, 5, 7], (4, 14): [4, 5, 8, 14]}
643: {(3, 4): [3, 6, 4], (4, 7): [4, 5, 7], (4, 14): [4, 5, 8, 14]}
644: {(3, 4): [3, 6, 4], (4, 7): [4, 5, 7], (4, 14): [4, 5, 8, 14]}
645: {(3, 4): [3, 6, 4], (4, 7): [4, 5, 7], (4, 14): [4, 5, 8, 14]}
646: {(3, 4): [3, 6, 4], (4, 7): [4, 5, 7], (4, 14): [4, 5, 8, 14]}
647: {(3, 4): [3, 6, 4], (4, 7): [4, 5, 7], (4, 14): [4, 5, 8, 14]}
648: {(3, 4): [3, 6, 4], (4, 7): [4, 5, 7], (4, 14): [4, 5, 8, 14]}
649: {(3, 4): [3, 6, 4], (4, 7): [4, 5, 7], (4, 14): [4, 5, 8, 14]}
650: {(3, 4): [3, 6, 4], (4, 7): [4, 5, 7], (4, 14): [4, 5, 8, 14]}
651: {(3, 4): [3, 6, 4], (4, 7): [4, 5, 7], (4, 14): [4, 5, 8, 14]}
652: {(3, 4): [3, 6, 4], (4, 7): [4, 5, 7], (4, 14): [4, 5, 8, 14]}
653: {(3, 4): [3, 6, 4], (4, 7): [4, 5, 7], (4, 14): [4, 5, 8, 14]}
654: {(3, 4): [3, 6, 4], (4, 7): [4, 5, 7], (4, 14): [4, 5, 8, 14]}
655: {(3, 4): [3, 6, 4], (4, 7): [4, 5, 7], (4, 14): [4, 5, 8, 14]}
656: {(3, 4): [3, 6, 4], (4, 7): [4, 5, 7], (4, 14): [4, 5, 8, 14]}
657: {(3, 4): [3, 6, 4], (4, 7): [4, 5, 7], (4, 14): [4, 5, 8, 14]}
658: {(3, 4): [3, 6, 4], (4, 7): [4, 5, 7], (4, 14): [4, 5, 8, 14]}
659: {(3, 4): [3, 6, 4], (4, 7): [4, 5, 7], (4, 14): [4, 5, 8, 14]}
660: {(3, 4): [3, 6, 4], (4, 7): [4, 5, 7], (4, 14): [4, 5, 8, 14]}
661: {(3, 4): [3, 6, 4], (4, 7): [4, 5, 7], (4, 14): [4, 5, 8, 14]}
662: {(3, 4): [3, 6, 4], (4, 7): [4, 5, 7], (4, 14): [4, 5, 8, 14]}
663: {(3, 4): [3, 6, 4], (4, 7): [4, 5, 7], (4, 14): [4, 5, 8, 14]}
664: {(3, 4): [3, 6, 4], (4, 7): [4, 5, 7], (4, 14): [4, 5, 8, 14]}
665: {(3, 4): [3, 6, 4], (4, 7): [4, 5, 7], (4, 14): [4, 5, 8, 14]}
666: {(3, 4): [3, 6, 4], (4, 7): [4, 5, 7], (4, 14): [4, 5, 8, 14]}
667: {(3, 4): [3, 6, 4], (4, 7): [4, 5, 7], (4, 14): [4, 5, 8, 14]}
668: {(3, 4): [3, 6, 4], (4, 7): [4, 5, 7], (4, 14): [4, 5, 8, 14]}
669: {(3, 4): [3, 6, 4], (4, 7): [4, 5, 7], (4, 14): [4, 5, 8, 14]}
670: {(3, 4): [3, 6, 4], (4, 7): [4, 5, 7], (4, 14): [4, 5, 8, 14]}
671: {(3, 4): [3, 6, 4], (4, 7): [4, 5, 7], (4, 14): [4, 5, 8, 14]}
672: {(3, 4): [3, 6, 4], (4, 7): [4, 5, 7], (4, 14): [4, 5, 8, 14]}
673: {(3, 4): [3, 6, 4], (4, 7): [4, 5, 7], (4, 14): [4, 5, 8, 14]}
674: {(3, 4): [3, 6, 4], (4, 7): [4, 5, 7], (4, 14): [4, 5, 8, 14]}
675: {(3, 4): [3, 6, 4], (4, 7): [4, 5, 7], (4, 14): [4, 5, 8, 14]}
676: {(3, 4): [3, 6, 4], (4, 7): [4, 5, 7], (4, 14): [4, 5, 8, 14]}
677: {(3, 4): [3, 6, 4], (4, 7): [4, 5, 7], (4, 14): [4, 5, 8, 14]}
678: {(3, 4): [3, 6, 4], (4, 7): [4, 5, 7], (4, 14): [4, 5, 8, 14]}
679: {(3, 4): [3, 6, 4], (4, 7): [4, 5, 7], (4, 14): [4, 5, 8, 14]}
680: {(3, 4): [3, 6, 4], (4, 7): [4, 5, 7], (4, 14): [4, 5, 8, 14]}
681: {(3, 4): [3, 6, 4], (4, 7): [4, 5, 7], (4, 14): [4, 5, 8, 14]}
682: {(3, 4): [3, 6, 4], (4, 7): [4, 5, 7], (4, 14): [4, 5, 8, 14]}
683: {(3, 4): [3, 6, 4], (4, 7): [4, 5, 7], (4, 14): [4, 5, 8, 14]}
684: {(3, 4): [3, 6, 4], (4, 7): [4, 5, 7], (4, 14): [4, 5, 8, 14]}
685: {(3, 4): [3, 6, 4], (4, 7): [4, 5, 7], (4, 14): [4, 5, 8, 14]}
686: {(3, 4): [3, 6, 4], (4, 7): [4, 5, 7], (4, 14): [4, 5, 8, 14]}
687: {(3, 4): [3, 6, 4], (4, 7): [4, 5, 7], (4, 14): [4, 5, 8, 14]}
688: {(3, 4): [3, 6, 4], (4, 7): [4, 5, 7], (4, 14): [4, 5, 8, 14]}
689: {(3, 4): [3, 6, 4], (4, 7): [4, 5, 7], (4, 14): [4, 5, 8, 14]}
690: {(3, 4): [3, 6, 4], (4, 7): [4, 5, 7], (4, 14): [4, 5, 8, 14]}
691: {(3, 4): [3, 6, 4], (4, 7): [4, 5, 7], (4, 14): [4, 5, 8, 14]}
692: {(3, 4): [3, 6, 4], (4, 7): [4, 5, 7], (4, 14): [4, 5, 8, 14]}
693: {(3, 4): [3, 6, 4], (4, 7): [4, 5, 7], (4, 14): [4, 5, 8, 14]}
694: {(3, 4): [3, 6, 4], (4, 7): [4, 5, 7], (4, 14): [4, 5, 8, 14]}
695: {(3, 4): [3, 6, 4], (4, 7): [4, 5, 7], (4, 14): [4, 5, 8, 14]}
696: {(3, 4): [3, 6, 4], (4, 7): [4, 5, 7], (4, 14): [4, 5, 8, 14]}
697: {(3, 4): [3, 6, 4], (4, 7): [4, 5, 7], (4, 14): [4, 5, 8, 14]}
698: {(3, 4): [3, 6, 4], (4, 7): [4, 5, 7], (4, 14): [4, 5, 8, 14]}
699: {(3, 4): [3, 6, 4], (4, 7): [4, 5, 7], (4, 14): [4, 5, 8, 14]}
700: {(3, 4): [3, 6, 4], (4, 7): [4, 5, 7], (4, 14): [4, 5, 8, 14]}
701: {(3, 4): [3, 6, 4], (4, 7): [4, 5, 7], (4, 14): [4, 5, 8, 14]}
702: {(3, 4): [3, 6, 4], (4, 7): [4, 5, 7], (4, 14): [4, 5, 8, 14]}
703: {(3, 4): [3, 6, 4], (4, 7): [4, 5, 7], (4, 14): [4, 5, 8, 14]}
704: {(3, 4): [3, 6, 4], (4, 7): [4, 5, 7], (4, 14): [4, 5, 8, 14]}
705: {(3, 4): [3, 6, 4], (4, 7): [4, 5, 7], (4, 14): [4, 5, 8, 14]}
706: {(3, 4): [3, 6, 4], (4, 7): [4, 5, 7], (4, 14): [4, 5, 8, 14]}
707: {(3, 4): [3, 6, 4], (4, 7): [4, 5, 7], (4, 14): [4, 5, 8, 14]}
708: {(3, 4): [3, 6, 4], (4, 7): [4, 5, 7], (4, 14): [4, 5, 8, 14]}
709: {(3, 4): [3, 6, 4], (4, 7): [4, 5, 7], (4, 14): [4, 5, 8, 14]}
710: {(3, 4): [3, 6, 4], (4, 7): [4, 5, 7], (4, 14): [4, 5, 8, 14]}
711: {(3, 4): [3, 6, 4], (4, 7): [4, 5, 7], (4, 14): [4, 5, 8, 14]}
712: {(3, 4): [3, 6, 4], (4, 7): [4, 5, 7], (4, 14): [4, 5, 8, 14]}
713: {(3, 4): [3, 6, 4], (4, 7): [4, 5, 7], (4, 14): [4, 5, 8, 14]}
714: {(3, 4): [3, 6, 4], (4, 7): [4, 5, 7], (4, 14): [4, 5, 8, 14]}
715: {(3, 4): [3, 6, 4], (4, 7): [4, 5, 7], (4, 14): [4, 5, 8, 14]}
716: {(3, 4): [3, 6, 4], (4, 7): [4, 5, 7], (4, 14): [4, 5, 8, 14]}
717: {(3, 4): [3, 6, 4], (4, 7): [4, 5, 7], (4, 14): [4, 5, 8, 14]}
718: {(3, 4): [3, 6, 4], (4, 7): [4, 5, 7], (4, 14): [4, 5, 8, 14]}
719: {(3, 4): [3, 6, 4], (4, 7): [4, 5, 7], (4, 14): [4, 5, 8, 14]}
720: {(3, 4): [3, 6, 4], (4, 7): [4, 5, 7], (4, 14): [4, 5, 8, 14]}
721: {(3, 4): [3, 6, 4], (4, 7): [4, 5, 7], (4, 14): [4, 5, 8, 14]}
722: {(3, 4): [3, 6, 4], (4, 7): [4, 5, 7], (4, 14): [4, 5, 8, 14]}
723: {(3, 4): [3, 6, 4], (4, 7): [4, 5, 7], (4, 14): [4, 5, 8, 14]}
724: {(3, 4): [3, 6, 4], (4, 7): [4, 5, 7], (4, 14): [4, 5, 8, 14]}
725: {(3, 4): [3, 6, 4], (4, 7): [4, 5, 7], (4, 14): [4, 5, 8, 14]}
726: {(3, 4): [3, 6, 4], (4, 7): [4, 5, 7], (4, 14): [4, 5, 8, 14]}
727: {(3, 4): [3, 6, 4], (4, 7): [4, 5, 7], (4, 14): [4, 5, 8, 14]}
728: {(3, 4): [3, 6, 4], (4, 7): [4, 5, 7], (4, 14): [4, 5, 8, 14]}
729: {(3, 4): [3, 6, 4], (4, 7): [4, 5, 7], (4, 14): [4, 5, 8, 14]}
730: {(3, 4): [3, 6, 4], (4, 7): [4, 5, 7], (4, 14): [4, 5, 8, 14]}
731: {(3, 4): [3, 6, 4], (4, 7): [4, 5, 7], (4, 14): [4, 5, 8, 14]}
732: {(3, 4): [3, 6, 4], (4, 7): [4, 5, 7], (4, 14): [4, 5, 8, 14]}
733: {(3, 4): [3, 6, 4], (4, 7): [4, 5, 7], (4, 14): [4, 5, 8, 14]}
734: {(3, 4): [3, 6, 4], (4, 7): [4, 5, 7], (4, 14): [4, 5, 8, 14]}
735: {(3, 4): [3, 6, 4], (4, 7): [4, 5, 7], (4, 14): [4, 5, 8, 14]}
736: {(3, 4): [3, 6, 4], (4, 7): [4, 5, 7], (4, 14): [4, 5, 8, 14]}
737: {(3, 4): [3, 6, 4], (4, 7): [4, 5, 7], (4, 14): [4, 5, 8, 14]}
738: {(3, 4): [3, 6, 4], (4, 7): [4, 5, 7], (4, 14): [4, 5, 8, 14]}
739: {(3, 4): [3, 6, 4], (4, 7): [4, 5, 7], (4, 14): [4, 5, 8, 14]}
740: {(3, 4): [3, 6, 4], (4, 7): [4, 5, 7], (4, 14): [4, 5, 8, 14]}
741: {(3, 4): [3, 6, 4], (4, 7): [4, 5, 7], (4, 14): [4, 5, 8, 14]}
742: {(3, 4): [3, 6, 4], (4, 7): [4, 5, 7], (4, 14): [4, 5, 8, 14]}
743: {(3, 4): [3, 6, 4], (4, 7): [4, 5, 7], (4, 14): [4, 5, 8, 14]}
744: {(3, 4): [3, 6, 4], (4, 7): [4, 5, 7], (4, 14): [4, 5, 8, 14]}
745: {(3, 4): [3, 6, 4], (4, 7): [4, 5, 7], (4, 14): [4, 5, 8, 14]}
746: {(3, 4): [3, 6, 4], (4, 7): [4, 5, 7], (4, 14): [4, 5, 8, 14]}
747: {(3, 4): [3, 6, 4], (4, 7): [4, 5, 7], (4, 14): [4, 5, 8, 14]}
748: {(3, 4): [3, 6, 4], (4, 7): [4, 5, 7], (4, 14): [4, 5, 8, 14]}
749: {(3, 4): [3, 6, 4], (4, 7): [4, 5, 7], (4, 14): [4, 5, 8, 14]}
750: {(3, 4): [3, 6, 4], (4, 7): [4, 5, 7], (4, 14): [4, 5, 8, 14]}
751: {(3, 4): [3, 6, 4], (4, 7): [4, 5, 7], (4, 14): [4, 5, 8, 14]}
752: {(3, 4): [3, 6, 4], (4, 7): [4, 5, 7], (4, 14): [4, 5, 8, 14]}
753: {(3, 4): [3, 6, 4], (4, 7): [4, 5, 7], (4, 14): [4, 5, 8, 14]}
754: {(3, 4): [3, 6, 4], (4, 7): [4, 5, 7], (4, 14): [4, 5, 8, 14]}
755: {(3, 4): [3, 6, 4], (4, 7): [4, 5, 7], (4, 14): [4, 5, 8, 14]}
756: {(3, 4): [3, 6, 4], (4, 7): [4, 5, 7], (4, 14): [4, 5, 8, 14]}
757: {(3, 4): [3, 6, 4], (4, 7): [4, 5, 7], (4, 14): [4, 5, 8, 14]}
758: {(3, 4): [3, 6, 4], (4, 7): [4, 5, 7], (4, 14): [4, 5, 8, 14]}
759: {(3, 4): [3, 6, 4], (4, 7): [4, 5, 7], (4, 14): [4, 5, 8, 14]}
760: {(3, 4): [3, 6, 4], (4, 7): [4, 5, 7], (4, 14): [4, 5, 8, 14]}
761: {(3, 4): [3, 6, 4], (4, 7): [4, 5, 7], (4, 14): [4, 5, 8, 14]}
762: {(3, 4): [3, 6, 4], (4, 7): [4, 5, 7], (4, 14): [4, 5, 8, 14]}
763: {(3, 4): [3, 6, 4], (4, 7): [4, 5, 7], (4, 14): [4, 5, 8, 14]}
764: {(3, 4): [3, 6, 4], (4, 7): [4, 5, 7], (4, 14): [4, 5, 8, 14]}
765: {(3, 4): [3, 6, 4], (4, 7): [4, 5, 7], (4, 14): [4, 5, 8, 14]}
766: {(3, 4): [3, 6, 4], (4, 7): [4, 5, 7], (4, 14): [4, 5, 8, 14]}
767: {(3, 4): [3, 6, 4], (4, 7): [4, 5, 7], (4, 14): [4, 5, 8, 14]}
768: {(3, 4): [3, 6, 4], (4, 7): [4, 5, 7], (4, 14): [4, 5, 8, 14]}
769: {(3, 4): [3, 6, 4], (4, 7): [4, 5, 7], (4, 14): [4, 5, 8, 14]}
770: {(3, 4): [3, 6, 4], (4, 7): [4, 5, 7], (4, 14): [4, 5, 8, 14]}
771: {(3, 4): [3, 6, 4], (4, 7): [4, 5, 7], (4, 14): [4, 5, 8, 14]}
772: {(3, 4): [3, 6, 4], (4, 7): [4, 5, 7], (4, 14): [4, 5, 8, 14]}
773: {(3, 4): [3, 6, 4], (4, 7): [4, 5, 7], (4, 14): [4, 5, 8, 14]}
774: {(3, 4): [3, 6, 4], (4, 7): [4, 5, 7], (4, 14): [4, 5, 8, 14]}
775: {(3, 4): [3, 6, 4], (4, 7): [4, 5, 7], (4, 14): [4, 5, 8, 14]}
776: {(3, 4): [3, 6, 4], (4, 7): [4, 5, 7], (4, 14): [4, 5, 8, 14]}
777: {(3, 4): [3, 6, 4], (4, 7): [4, 5, 7], (4, 14): [4, 5, 8, 14]}
778: {(3, 4): [3, 6, 4], (4, 7): [4, 5, 7], (4, 14): [4, 5, 8, 14]}
779: {(3, 4): [3, 6, 4], (4, 7): [4, 5, 7], (4, 14): [4, 5, 8, 14]}
780: {(3, 4): [3, 6, 4], (4, 7): [4, 5, 7], (4, 14): [4, 5, 8, 14]}
781: {(3, 4): [3, 6, 4], (4, 7): [4, 5, 7], (4, 14): [4, 5, 8, 14]}
782: {(3, 4): [3, 6, 4], (4, 7): [4, 5, 7], (4, 14): [4, 5, 8, 14]}
783: {(3, 4): [3, 6, 4], (4, 7): [4, 5, 7], (4, 14): [4, 5, 8, 14]}
784: {(3, 4): [3, 6, 4], (4, 7): [4, 5, 7], (4, 14): [4, 5, 8, 14]}
785: {(3, 4): [3, 6, 4], (4, 7): [4, 5, 7], (4, 14): [4, 5, 8, 14]}
786: {(3, 4): [3, 6, 4], (4, 7): [4, 5, 7], (4, 14): [4, 5, 8, 14]}
787: {(3, 4): [3, 6, 4], (4, 7): [4, 5, 7], (4, 14): [4, 5, 8, 14]}
788: {(3, 4): [3, 6, 4], (4, 7): [4, 5, 7], (4, 14): [4, 5, 8, 14]}
789: {(3, 4): [3, 6, 4], (4, 7): [4, 5, 7], (4, 14): [4, 5, 8, 14]}
790: {(3, 4): [3, 6, 4], (4, 7): [4, 5, 7], (4, 14): [4, 5, 8, 14]}
791: {(3, 4): [3, 6, 4], (4, 7): [4, 5, 7], (4, 14): [4, 5, 8, 14]}
792: {(3, 4): [3, 6, 4], (4, 7): [4, 5, 7], (4, 14): [4, 5, 8, 14]}
793: {(3, 4): [3, 6, 4], (4, 7): [4, 5, 7], (4, 14): [4, 5, 8, 14]}
794: {(3, 4): [3, 6, 4], (4, 7): [4, 5, 7], (4, 14): [4, 5, 8, 14]}
795: {(3, 4): [3, 6, 4], (4, 7): [4, 5, 7], (4, 14): [4, 5, 8, 14]}
796: {(3, 4): [3, 6, 4], (4, 7): [4, 5, 7], (4, 14): [4, 5, 8, 14]}
797: {(3, 4): [3, 6, 4], (4, 7): [4, 5, 7], (4, 14): [4, 5, 8, 14]}
798: {(3, 4): [3, 6, 4], (4, 7): [4, 5, 7], (4, 14): [4, 5, 8, 14]}
799: {(3, 4): [3, 6, 4], (4, 7): [4, 5, 7], (4, 14): [4, 5, 8, 14]}
800: {(3, 4): [3, 6, 4], (4, 7): [4, 5, 7], (4, 14): [4, 5, 8, 14]}
801: {(3, 4): [3, 6, 4], (4, 7): [4, 5, 7], (4, 14): [4, 5, 8, 14]}
802: {(3, 4): [3, 6, 4], (4, 7): [4, 5, 7], (4, 14): [4, 5, 8, 14]}
803: {(3, 4): [3, 6, 4], (4, 7): [4, 5, 7], (4, 14): [4, 5, 8, 14]}
804: {(3, 4): [3, 6, 4], (4, 7): [4, 5, 7], (4, 14): [4, 5, 8, 14]}
805: {(3, 4): [3, 6, 4], (4, 7): [4, 5, 7], (4, 14): [4, 5, 8, 14]}
806: {(3, 4): [3, 6, 4], (4, 7): [4, 5, 7], (4, 14): [4, 5, 8, 14]}
807: {(3, 4): [3, 6, 4], (4, 7): [4, 5, 7], (4, 14): [4, 5, 8, 14]}
808: {(3, 4): [3, 6, 4], (4, 7): [4, 5, 7], (4, 14): [4, 5, 8, 14]}
809: {(3, 4): [3, 6, 4], (4, 7): [4, 5, 7], (4, 14): [4, 5, 8, 14]}
810: {(3, 4): [3, 6, 4], (4, 7): [4, 5, 7], (4, 14): [4, 5, 8, 14]}
811: {(3, 4): [3, 6, 4], (4, 7): [4, 5, 7], (4, 14): [4, 5, 8, 14]}
812: {(3, 4): [3, 6, 4], (4, 7): [4, 5, 7], (4, 14): [4, 5, 8, 14]}
813: {(3, 4): [3, 6, 4], (4, 7): [4, 5, 7], (4, 14): [4, 5, 8, 14]}
814: {(3, 4): [3, 6, 4], (4, 7): [4, 5, 7], (4, 14): [4, 5, 8, 14]}
815: {(3, 4): [3, 6, 4], (4, 7): [4, 5, 7], (4, 14): [4, 5, 8, 14]}
816: {(3, 4): [3, 6, 4], (4, 7): [4, 5, 7], (4, 14): [4, 5, 8, 14]}
817: {(3, 4): [3, 6, 4], (4, 7): [4, 5, 7], (4, 14): [4, 5, 8, 14]}
818: {(3, 4): [3, 6, 4], (4, 7): [4, 5, 7], (4, 14): [4, 5, 8, 14]}
819: {(3, 4): [3, 6, 4], (4, 7): [4, 5, 7], (4, 14): [4, 5, 8, 14]}
820: {(3, 4): [3, 6, 4], (4, 7): [4, 5, 7], (4, 14): [4, 5, 8, 14]}
821: {(3, 4): [3, 6, 4], (4, 7): [4, 5, 7], (4, 14): [4, 5, 8, 14]}
822: {(3, 4): [3, 6, 4], (4, 7): [4, 5, 7], (4, 14): [4, 5, 8, 14]}
823: {(3, 4): [3, 6, 4], (4, 7): [4, 5, 7], (4, 14): [4, 5, 8, 14]}
824: {(3, 4): [3, 6, 4], (4, 7): [4, 5, 7], (4, 14): [4, 5, 8, 14]}
825: {(3, 4): [3, 6, 4], (4, 7): [4, 5, 7], (4, 14): [4, 5, 8, 14]}
826: {(3, 4): [3, 6, 4], (4, 7): [4, 5, 7], (4, 14): [4, 5, 8, 14]}
827: {(3, 4): [3, 6, 4], (4, 7): [4, 5, 7], (4, 14): [4, 5, 8, 14]}
828: {(3, 4): [3, 6, 4], (4, 7): [4, 5, 7], (4, 14): [4, 5, 8, 14]}
829: {(3, 4): [3, 6, 4], (4, 7): [4, 5, 7], (4, 14): [4, 5, 8, 14]}
830: {(3, 4): [3, 6, 4], (4, 7): [4, 5, 7], (4, 14): [4, 5, 8, 14]}
831: {(3, 4): [3, 6, 4], (4, 7): [4, 5, 7], (4, 14): [4, 5, 8, 14]}
832: {(3, 4): [3, 6, 4], (4, 7): [4, 5, 7], (4, 14): [4, 5, 8, 14]}
833: {(3, 4): [3, 6, 4], (4, 7): [4, 5, 7], (4, 14): [4, 5, 8, 14]}
834: {(3, 4): [3, 6, 4], (4, 7): [4, 5, 7], (4, 14): [4, 5, 8, 14]}
835: {(3, 4): [3, 6, 4], (4, 7): [4, 5, 7], (4, 14): [4, 5, 8, 14]}
836: {(3, 4): [3, 6, 4], (4, 7): [4, 5, 7], (4, 14): [4, 5, 8, 14]}
837: {(3, 4): [3, 6, 4], (4, 7): [4, 5, 7], (4, 14): [4, 5, 8, 14]}
838: {(3, 4): [3, 6, 4], (4, 7): [4, 5, 7], (4, 14): [4, 5, 8, 14]}
839: {(3, 4): [3, 6, 4], (4, 7): [4, 5, 7], (4, 14): [4, 5, 8, 14]}
840: {(3, 4): [3, 6, 4], (4, 7): [4, 5, 7], (4, 14): [4, 5, 8, 14]}
841: {(3, 4): [3, 6, 4], (4, 7): [4, 5, 7], (4, 14): [4, 5, 8, 14]}
842: {(3, 4): [3, 6, 4], (4, 7): [4, 5, 7], (4, 14): [4, 5, 8, 14]}
843: {(3, 4): [3, 6, 4], (4, 7): [4, 5, 7], (4, 14): [4, 5, 8, 14]}
844: {(3, 4): [3, 6, 4], (4, 7): [4, 5, 7], (4, 14): [4, 5, 8, 14]}
845: {(3, 4): [3, 6, 4], (4, 7): [4, 5, 7], (4, 14): [4, 5, 8, 14]}
846: {(3, 4): [3, 6, 4], (4, 7): [4, 5, 7], (4, 14): [4, 5, 8, 14]}
847: {(3, 4): [3, 6, 4], (4, 7): [4, 5, 7], (4, 14): [4, 5, 8, 14]}
848: {(3, 4): [3, 6, 4], (4, 7): [4, 5, 7], (4, 14): [4, 5, 8, 14]}
849: {(3, 4): [3, 6, 4], (4, 7): [4, 5, 7], (4, 14): [4, 5, 8, 14]}
850: {(3, 4): [3, 6, 4], (4, 7): [4, 5, 7], (4, 14): [4, 5, 8, 14]}
851: {(3, 4): [3, 6, 4], (4, 7): [4, 5, 7], (4, 14): [4, 5, 8, 14]}
852: {(3, 4): [3, 6, 4], (4, 7): [4, 5, 7], (4, 14): [4, 5, 8, 14]}
853: {(3, 4): [3, 6, 4], (4, 7): [4, 5, 7], (4, 14): [4, 5, 8, 14]}
854: {(3, 4): [3, 6, 4], (4, 7): [4, 5, 7], (4, 14): [4, 5, 8, 14]}
855: {(3, 4): [3, 6, 4], (4, 7): [4, 5, 7], (4, 14): [4, 5, 8, 14]}
856: {(3, 4): [3, 6, 4], (4, 7): [4, 5, 7], (4, 14): [4, 5, 8, 14]}
857: {(3, 4): [3, 6, 4], (4, 7): [4, 5, 7], (4, 14): [4, 5, 8, 14]}
858: {(3, 4): [3, 6, 4], (4, 7): [4, 5, 7], (4, 14): [4, 5, 8, 14]}
859: {(3, 4): [3, 6, 4], (4, 7): [4, 5, 7], (4, 14): [4, 5, 8, 14]}
860: {(3, 4): [3, 6, 4], (4, 7): [4, 5, 7], (4, 14): [4, 5, 8, 14]}
861: {(3, 4): [3, 6, 4], (4, 7): [4, 5, 7], (4, 14): [4, 5, 8, 14]}
862: {(3, 4): [3, 6, 4], (4, 7): [4, 5, 7], (4, 14): [4, 5, 8, 14]}
863: {(3, 4): [3, 6, 4], (4, 7): [4, 5, 7], (4, 14): [4, 5, 8, 14]}
864: {(3, 4): [3, 6, 4], (4, 7): [4, 5, 7], (4, 14): [4, 5, 8, 14]}
865: {(3, 4): [3, 6, 4], (4, 7): [4, 5, 7], (4, 14): [4, 5, 8, 14]}
866: {(3, 4): [3, 6, 4], (4, 7): [4, 5, 7], (4, 14): [4, 5, 8, 14]}
867: {(3, 4): [3, 6, 4], (4, 7): [4, 5, 7], (4, 14): [4, 5, 8, 14]}
868: {(3, 4): [3, 6, 4], (4, 7): [4, 5, 7], (4, 14): [4, 5, 8, 14]}
869: {(3, 4): [3, 6, 4], (4, 7): [4, 5, 7], (4, 14): [4, 5, 8, 14]}
870: {(3, 4): [3, 6, 4], (4, 7): [4, 5, 7], (4, 14): [4, 5, 8, 14]}
871: {(3, 4): [3, 6, 4], (4, 7): [4, 5, 7], (4, 14): [4, 5, 8, 14]}
872: {(3, 4): [3, 6, 4], (4, 7): [4, 5, 7], (4, 14): [4, 5, 8, 14]}
873: {(3, 4): [3, 6, 4], (4, 7): [4, 5, 7], (4, 14): [4, 5, 8, 14]}
874: {(3, 4): [3, 6, 4], (4, 7): [4, 5, 7], (4, 14): [4, 5, 8, 14]}
875: {(3, 4): [3, 6, 4], (4, 7): [4, 5, 7], (4, 14): [4, 5, 8, 14]}
876: {(3, 4): [3, 6, 4], (4, 7): [4, 5, 7], (4, 14): [4, 5, 8, 14]}
877: {(3, 4): [3, 6, 4], (4, 7): [4, 5, 7], (4, 14): [4, 5, 8, 14]}
878: {(3, 4): [3, 6, 4], (4, 7): [4, 5, 7], (4, 14): [4, 5, 8, 14]}
879: {(3, 4): [3, 6, 4], (4, 7): [4, 5, 7], (4, 14): [4, 5, 8, 14]}
880: {(3, 4): [3, 6, 4], (4, 7): [4, 5, 7], (4, 14): [4, 5, 8, 14]}
881: {(3, 4): [3, 6, 4], (4, 7): [4, 5, 7], (4, 14): [4, 5, 8, 14]}
882: {(3, 4): [3, 6, 4], (4, 7): [4, 5, 7], (4, 14): [4, 5, 8, 14]}
883: {(3, 4): [3, 6, 4], (4, 7): [4, 5, 7], (4, 14): [4, 5, 8, 14]}
884: {(3, 4): [3, 6, 4], (4, 7): [4, 5, 7], (4, 14): [4, 5, 8, 14]}
885: {(3, 4): [3, 6, 4], (4, 7): [4, 5, 7], (4, 14): [4, 5, 8, 14]}
886: {(3, 4): [3, 6, 4], (4, 7): [4, 5, 7], (4, 14): [4, 5, 8, 14]}
887: {(3, 4): [3, 6, 4], (4, 7): [4, 5, 7], (4, 14): [4, 5, 8, 14]}
888: {(3, 4): [3, 6, 4], (4, 7): [4, 5, 7], (4, 14): [4, 5, 8, 14]}
889: {(3, 4): [3, 6, 4], (4, 7): [4, 5, 7], (4, 14): [4, 5, 8, 14]}
890: {(3, 4): [3, 6, 4], (4, 7): [4, 5, 7], (4, 14): [4, 5, 8, 14]}
891: {(3, 4): [3, 6, 4], (4, 7): [4, 5, 7], (4, 14): [4, 5, 8, 14]}
892: {(3, 4): [3, 6, 4], (4, 7): [4, 5, 7], (4, 14): [4, 5, 8, 14]}
893: {(3, 4): [3, 6, 4], (4, 7): [4, 5, 7], (4, 14): [4, 5, 8, 14]}
894: {(3, 4): [3, 6, 4], (4, 7): [4, 5, 7], (4, 14): [4, 5, 8, 14]}
895: {(3, 4): [3, 6, 4], (4, 7): [4, 5, 7], (4, 14): [4, 5, 8, 14]}
896: {(3, 4): [3, 6, 4], (4, 7): [4, 5, 7], (4, 14): [4, 5, 8, 14]}
897: {(3, 4): [3, 6, 4], (4, 7): [4, 5, 7], (4, 14): [4, 5, 8, 14]}
898: {(3, 4): [3, 6, 4], (4, 7): [4, 5, 7], (4, 14): [4, 5, 8, 14]}
899: {(3, 4): [3, 6, 4], (4, 7): [4, 5, 7], (4, 14): [4, 5, 8, 14]}
900: {(3, 4): [3, 6, 4], (4, 7): [4, 5, 7], (4, 14): [4, 5, 8, 14]}
901: {(3, 4): [3, 6, 4], (4, 7): [4, 5, 7], (4, 14): [4, 5, 8, 14]}
902: {(3, 4): [3, 6, 4], (4, 7): [4, 5, 7], (4, 14): [4, 5, 8, 14]}
903: {(3, 4): [3, 6, 4], (4, 7): [4, 5, 7], (4, 14): [4, 5, 8, 14]}
904: {(3, 4): [3, 6, 4], (4, 7): [4, 5, 7], (4, 14): [4, 5, 8, 14]}
905: {(3, 4): [3, 6, 4], (4, 7): [4, 5, 7], (4, 14): [4, 5, 8, 14]}
906: {(3, 4): [3, 6, 4], (4, 7): [4, 5, 7], (4, 14): [4, 5, 8, 14]}
907: {(3, 4): [3, 6, 4], (4, 7): [4, 5, 7], (4, 14): [4, 5, 8, 14]}
908: {(3, 4): [3, 6, 4], (4, 7): [4, 5, 7], (4, 14): [4, 5, 8, 14]}
909: {(3, 4): [3, 6, 4], (4, 7): [4, 5, 7], (4, 14): [4, 5, 8, 14]}
910: {(3, 4): [3, 6, 4], (4, 7): [4, 5, 7], (4, 14): [4, 5, 8, 14]}
911: {(3, 4): [3, 6, 4], (4, 7): [4, 5, 7], (4, 14): [4, 5, 8, 14]}
912: {(3, 4): [3, 6, 4], (4, 7): [4, 5, 7], (4, 14): [4, 5, 8, 14]}
913: {(3, 4): [3, 6, 4], (4, 7): [4, 5, 7], (4, 14): [4, 5, 8, 14]}
914: {(3, 4): [3, 6, 4], (4, 7): [4, 5, 7], (4, 14): [4, 5, 8, 14]}
915: {(3, 4): [3, 6, 4], (4, 7): [4, 5, 7], (4, 14): [4, 5, 8, 14]}
916: {(3, 4): [3, 6, 4], (4, 7): [4, 5, 7], (4, 14): [4, 5, 8, 14]}
917: {(3, 4): [3, 6, 4], (4, 7): [4, 5, 7], (4, 14): [4, 5, 8, 14]}
918: {(3, 4): [3, 6, 4], (4, 7): [4, 5, 7], (4, 14): [4, 5, 8, 14]}
919: {(3, 4): [3, 6, 4], (4, 7): [4, 5, 7], (4, 14): [4, 5, 8, 14]}
920: {(3, 4): [3, 6, 4], (4, 7): [4, 5, 7], (4, 14): [4, 5, 8, 14]}
921: {(3, 4): [3, 6, 4], (4, 7): [4, 5, 7], (4, 14): [4, 5, 8, 14]}
922: {(3, 4): [3, 6, 4], (4, 7): [4, 5, 7], (4, 14): [4, 5, 8, 14]}
923: {(3, 4): [3, 6, 4], (4, 7): [4, 5, 7], (4, 14): [4, 5, 8, 14]}
924: {(3, 4): [3, 6, 4], (4, 7): [4, 5, 7], (4, 14): [4, 5, 8, 14]}
925: {(3, 4): [3, 6, 4], (4, 7): [4, 5, 7], (4, 14): [4, 5, 8, 14]}
926: {(3, 4): [3, 6, 4], (4, 7): [4, 5, 7], (4, 14): [4, 5, 8, 14]}
927: {(3, 4): [3, 6, 4], (4, 7): [4, 5, 7], (4, 14): [4, 5, 8, 14]}
928: {(3, 4): [3, 6, 4], (4, 7): [4, 5, 7], (4, 14): [4, 5, 8, 14]}
929: {(3, 4): [3, 6, 4], (4, 7): [4, 5, 7], (4, 14): [4, 5, 8, 14]}
930: {(3, 4): [3, 6, 4], (4, 7): [4, 5, 7], (4, 14): [4, 5, 8, 14]}
931: {(3, 4): [3, 6, 4], (4, 7): [4, 5, 7], (4, 14): [4, 5, 8, 14]}
932: {(3, 4): [3, 6, 4], (4, 7): [4, 5, 7], (4, 14): [4, 5, 8, 14]}
933: {(3, 4): [3, 6, 4], (4, 7): [4, 5, 7], (4, 14): [4, 5, 8, 14]}
934: {(3, 4): [3, 6, 4], (4, 7): [4, 5, 7], (4, 14): [4, 5, 8, 14]}
935: {(3, 4): [3, 6, 4], (4, 7): [4, 5, 7], (4, 14): [4, 5, 8, 14]}
936: {(3, 4): [3, 6, 4], (4, 7): [4, 5, 7], (4, 14): [4, 5, 8, 14]}
937: {(3, 4): [3, 6, 4], (4, 7): [4, 5, 7], (4, 14): [4, 5, 8, 14]}
938: {(3, 4): [3, 6, 4], (4, 7): [4, 5, 7], (4, 14): [4, 5, 8, 14]}
939: {(3, 4): [3, 6, 4], (4, 7): [4, 5, 7], (4, 14): [4, 5, 8, 14]}
940: {(3, 4): [3, 6, 4], (4, 7): [4, 5, 7], (4, 14): [4, 5, 8, 14]}
941: {(3, 4): [3, 6, 4], (4, 7): [4, 5, 7], (4, 14): [4, 5, 8, 14]}
942: {(3, 4): [3, 6, 4], (4, 7): [4, 5, 7], (4, 14): [4, 5, 8, 14]}
943: {(3, 4): [3, 6, 4], (4, 7): [4, 5, 7], (4, 14): [4, 5, 8, 14]}
944: {(3, 4): [3, 6, 4], (4, 7): [4, 5, 7], (4, 14): [4, 5, 8, 14]}
945: {(3, 4): [3, 6, 4], (4, 7): [4, 5, 7], (4, 14): [4, 5, 8, 14]}
946: {(3, 4): [3, 6, 4], (4, 7): [4, 5, 7], (4, 14): [4, 5, 8, 14]}
947: {(3, 4): [3, 6, 4], (4, 7): [4, 5, 7], (4, 14): [4, 5, 8, 14]}
948: {(3, 4): [3, 6, 4], (4, 7): [4, 5, 7], (4, 14): [4, 5, 8, 14]}
949: {(3, 4): [3, 6, 4], (4, 7): [4, 5, 7], (4, 14): [4, 5, 8, 14]}
950: {(3, 4): [3, 6, 4], (4, 7): [4, 5, 7], (4, 14): [4, 5, 8, 14]}
951: {(3, 4): [3, 6, 4], (4, 7): [4, 5, 7], (4, 14): [4, 5, 8, 14]}
952: {(3, 4): [3, 6, 4], (4, 7): [4, 5, 7], (4, 14): [4, 5, 8, 14]}
953: {(3, 4): [3, 6, 4], (4, 7): [4, 5, 7], (4, 14): [4, 5, 8, 14]}
954: {(3, 4): [3, 6, 4], (4, 7): [4, 5, 7], (4, 14): [4, 5, 8, 14]}
955: {(3, 4): [3, 6, 4], (4, 7): [4, 5, 7], (4, 14): [4, 5, 8, 14]}
956: {(3, 4): [3, 6, 4], (4, 7): [4, 5, 7], (4, 14): [4, 5, 8, 14]}
957: {(3, 4): [3, 6, 4], (4, 7): [4, 5, 7], (4, 14): [4, 5, 8, 14]}
958: {(3, 4): [3, 6, 4], (4, 7): [4, 5, 7], (4, 14): [4, 5, 8, 14]}
959: {(3, 4): [3, 6, 4], (4, 7): [4, 5, 7], (4, 14): [4, 5, 8, 14]}
960: {(3, 4): [3, 6, 4], (4, 7): [4, 5, 7], (4, 14): [4, 5, 8, 14]}
961: {(3, 4): [3, 6, 4], (4, 7): [4, 5, 7], (4, 14): [4, 5, 8, 14]}
962: {(3, 4): [3, 6, 4], (4, 7): [4, 5, 7], (4, 14): [4, 5, 8, 14]}
963: {(3, 4): [3, 6, 4], (4, 7): [4, 5, 7], (4, 14): [4, 5, 8, 14]}
964: {(3, 4): [3, 6, 4], (4, 7): [4, 5, 7], (4, 14): [4, 5, 8, 14]}
965: {(3, 4): [3, 6, 4], (4, 7): [4, 5, 7], (4, 14): [4, 5, 8, 14]}
966: {(3, 4): [3, 6, 4], (4, 7): [4, 5, 7], (4, 14): [4, 5, 8, 14]}
967: {(3, 4): [3, 6, 4], (4, 7): [4, 5, 7], (4, 14): [4, 5, 8, 14]}
968: {(3, 4): [3, 6, 4], (4, 7): [4, 5, 7], (4, 14): [4, 5, 8, 14]}
969: {(3, 4): [3, 6, 4], (4, 7): [4, 5, 7], (4, 14): [4, 5, 8, 14]}
970: {(3, 4): [3, 6, 4], (4, 7): [4, 5, 7], (4, 14): [4, 5, 8, 14]}
971: {(3, 4): [3, 6, 4], (4, 7): [4, 5, 7], (4, 14): [4, 5, 8, 14]}
972: {(3, 4): [3, 6, 4], (4, 7): [4, 5, 7], (4, 14): [4, 5, 8, 14]}
973: {(3, 4): [3, 6, 4], (4, 7): [4, 5, 7], (4, 14): [4, 5, 8, 14]}
974: {(3, 4): [3, 6, 4], (4, 7): [4, 5, 7], (4, 14): [4, 5, 8, 14]}
975: {(3, 4): [3, 6, 4], (4, 7): [4, 5, 7], (4, 14): [4, 5, 8, 14]}
976: {(3, 4): [3, 6, 4], (4, 7): [4, 5, 7], (4, 14): [4, 5, 8, 14]}
977: {(3, 4): [3, 6, 4], (4, 7): [4, 5, 7], (4, 14): [4, 5, 8, 14]}
978: {(3, 4): [3, 6, 4], (4, 7): [4, 5, 7], (4, 14): [4, 5, 8, 14]}
979: {(3, 4): [3, 6, 4], (4, 7): [4, 5, 7], (4, 14): [4, 5, 8, 14]}
980: {(3, 4): [3, 6, 4], (4, 7): [4, 5, 7], (4, 14): [4, 5, 8, 14]}
981: {(3, 4): [3, 6, 4], (4, 7): [4, 5, 7], (4, 14): [4, 5, 8, 14]}
982: {(3, 4): [3, 6, 4], (4, 7): [4, 5, 7], (4, 14): [4, 5, 8, 14]}
983: {(3, 4): [3, 6, 4], (4, 7): [4, 5, 7], (4, 14): [4, 5, 8, 14]}
984: {(3, 4): [3, 6, 4], (4, 7): [4, 5, 7], (4, 14): [4, 5, 8, 14]}
985: {(3, 4): [3, 6, 4], (4, 7): [4, 5, 7], (4, 14): [4, 5, 8, 14]}
986: {(3, 4): [3, 6, 4], (4, 7): [4, 5, 7], (4, 14): [4, 5, 8, 14]}
987: {(3, 4): [3, 6, 4], (4, 7): [4, 5, 7], (4, 14): [4, 5, 8, 14]}
988: {(3, 4): [3, 6, 4], (4, 7): [4, 5, 7], (4, 14): [4, 5, 8, 14]}
989: {(3, 4): [3, 6, 4], (4, 7): [4, 5, 7], (4, 14): [4, 5, 8, 14]}
990: {(3, 4): [3, 6, 4], (4, 7): [4, 5, 7], (4, 14): [4, 5, 8, 14]}
991: {(3, 4): [3, 6, 4], (4, 7): [4, 5, 7], (4, 14): [4, 5, 8, 14]}
992: {(3, 4): [3, 6, 4], (4, 7): [4, 5, 7], (4, 14): [4, 5, 8, 14]}
993: {(3, 4): [3, 6, 4], (4, 7): [4, 5, 7], (4, 14): [4, 5, 8, 14]}
994: {(3, 4): [3, 6, 4], (4, 7): [4, 5, 7], (4, 14): [4, 5, 8, 14]}
995: {(3, 4): [3, 6, 4], (4, 7): [4, 5, 7], (4, 14): [4, 5, 8, 14]}
996: {(3, 4): [3, 6, 4], (4, 7): [4, 5, 7], (4, 14): [4, 5, 8, 14]}
997: {(3, 4): [3, 6, 4], (4, 7): [4, 5, 7], (4, 14): [4, 5, 8, 14]}
998: {(3, 4): [3, 6, 4], (4, 7): [4, 5, 7], (4, 14): [4, 5, 8, 14]}
999: {(3, 4): [3, 6, 4], (4, 7): [4, 5, 7], (4, 14): [4, 5, 8, 14]}
