0	21.7379150390625	22.805923461914062
1	22.825275421142578	22.654293060302734
2	21.361465454101562	22.684730529785156
3	21.93651580810547	21.214704513549805
4	22.78065299987793	22.179248809814453
5	24.724502563476562	23.05531120300293
6	22.73279571533203	22.021305084228516
7	21.655275344848633	22.67182159423828
8	21.736181259155273	22.798816680908203
9	22.74260711669922	22.485523223876953
10	22.812236785888672	22.873449325561523
11	22.78585433959961	22.769058227539062
12	22.51532554626465	22.81125259399414
13	23.73963737487793	23.00520133972168
14	21.528457641601562	22.056438446044922
15	22.76090431213379	21.744247436523438
16	22.809980392456055	22.331520080566406
17	21.73483657836914	22.612049102783203
18	22.25981903076172	22.2764892578125
19	24.4967041015625	23.740419387817383
20	22.80614471435547	22.724653244018555
21	21.850236892700195	22.284725189208984
22	21.989431381225586	22.70218849182129
23	22.9698486328125	21.80794906616211
24	22.96133041381836	22.738283157348633
25	22.913673400878906	22.772720336914062
26	22.01675033569336	22.94330406188965
27	24.71686553955078	23.082550048828125
28	22.134990692138672	22.367422103881836
29	23.050500869750977	22.136032104492188
30	23.051578521728516	22.265460968017578
31	23.083053588867188	22.63404083251953
32	22.11286163330078	22.695680618286133
33	24.889318466186523	22.50564956665039
34	23.031822204589844	22.70327377319336
35	22.99530792236328	22.397096633911133
36	23.057998657226562	22.504446029663086
37	23.0821590423584	22.45073127746582
38	22.997852325439453	22.714710235595703
39	21.532085418701172	22.69381332397461
40	21.992332458496094	22.97412109375
41	22.96233367919922	22.937429428100586
42	22.92340850830078	22.860416412353516
43	21.863536834716797	22.880508422851562
44	25.834104537963867	22.322111129760742
45	22.794692993164062	22.732881546020508
46	22.84905242919922	21.88571548461914
47	22.788883209228516	22.015846252441406
48	22.812963485717773	22.070575714111328
49	22.793624877929688	22.362735748291016
50	21.660205841064453	22.598695755004883
51	22.88938331604004	22.699790954589844
52	22.864864349365234	22.543500900268555
53	22.865753173828125	22.882715225219727
54	21.911989212036133	22.825550079345703
55	22.810562133789062	23.025028228759766
56	23.88921546936035	22.326627731323242
57	23.50531578063965	22.565025329589844
58	22.99376678466797	22.55780029296875
59	20.814189910888672	22.63103675842285
60	23.02029037475586	22.692790985107422
61	21.721588134765625	22.886592864990234
62	21.854049682617188	22.32019805908203
63	21.573322296142578	23.17329216003418
64	24.493541717529297	22.17942237854004
65	20.336444854736328	22.24863624572754
66	22.024002075195312	22.429336547851562
67	21.659019470214844	22.618738174438477
68	23.02895736694336	23.02426528930664
69	22.142051696777344	22.922317504882812
70	21.529708862304688	23.092437744140625
71	22.84021759033203	22.66606903076172
72	22.975204467773438	22.105249404907227
73	22.885530471801758	22.272228240966797
74	21.480484008789062	22.60453987121582
75	21.394615173339844	22.301982879638672
76	21.588218688964844	22.778045654296875
77	22.821582794189453	23.45874786376953
78	22.857152938842773	22.31743049621582
79	22.83559799194336	22.48655891418457
80	22.7512149810791	22.67096710205078
81	21.466291427612305	22.984073638916016
82	22.35918617248535	22.843069076538086
83	23.03156280517578	22.65323829650879
84	21.76639175415039	22.45319366455078
85	21.288209915161133	22.85814094543457
86	24.422088623046875	23.02032470703125
87	22.94781494140625	22.882373809814453
88	22.885540008544922	22.312763214111328
89	22.211959838867188	22.371286392211914
90	22.791606903076172	22.43470573425293
91	22.849414825439453	22.52639389038086
92	22.765289306640625	22.77515411376953
93	20.011276245117188	22.78264808654785
94	22.15930938720703	23.149545669555664
95	24.82680320739746	23.008399963378906
96	23.001020431518555	22.388086318969727
97	21.855621337890625	22.323883056640625
98	21.73485565185547	22.522384643554688
99	21.339393615722656	22.216310501098633
100	23.85936737060547	22.992042541503906
101	19.253345489501953	20.479839324951172
102	22.94722557067871	23.108173370361328
103	22.93020248413086	23.22958755493164
104	22.89316177368164	23.14935302734375
105	21.682632446289062	22.941951751708984
106	21.94257354736328	22.993629455566406
107	21.942272186279297	21.771488189697266
108	22.88633918762207	22.622549057006836
109	22.949275970458984	22.779428482055664
110	22.873340606689453	23.313095092773438
111	21.76736831665039	22.88379669189453
112	22.47698974609375	22.80565071105957
113	21.856327056884766	22.764110565185547
114	22.974159240722656	22.362213134765625
115	22.931201934814453	22.951824188232422
116	24.41038703918457	22.756376266479492
117	22.822628021240234	22.765663146972656
118	22.90363883972168	22.25040054321289
119	22.8678035736084	22.30624771118164
120	20.743759155273438	22.36408042907715
121	22.056554794311523	22.784290313720703
122	23.029817581176758	22.889095306396484
123	22.921327590942383	22.929859161376953
124	21.76116943359375	22.95231056213379
125	25.04031753540039	24.272171020507812
126	23.04647445678711	22.83812713623047
127	22.958402633666992	22.17120361328125
128	22.96514320373535	22.255292892456055
129	21.677120208740234	22.332412719726562
130	22.103694915771484	22.156702041625977
131	21.494979858398438	22.86821746826172
132	23.04233169555664	23.040752410888672
133	22.841161727905273	22.89342498779297
134	21.91820526123047	22.77046775817871
135	25.819496154785156	24.957876205444336
136	23.144569396972656	22.181976318359375
137	20.31175994873047	22.306352615356445
138	22.09445571899414	22.626182556152344
139	23.106037139892578	22.824745178222656
140	21.78297233581543	22.870548248291016
141	21.94791030883789	22.5732421875
142	22.71991729736328	23.13296127319336
143	24.070497512817383	22.529672622680664
144	21.30498504638672	22.633502960205078
145	22.346345901489258	22.39214324951172
146	21.73717498779297	22.55081558227539
147	22.909435272216797	22.27264404296875
148	22.781269073486328	22.944908142089844
149	22.575550079345703	22.73841094970703
150	22.154769897460938	22.741060256958008
151	22.874439239501953	22.641212463378906
152	22.88372802734375	22.675037384033203
153	25.316696166992188	24.74324607849121
154	22.05257797241211	22.7550048828125
155	22.793312072753906	21.694473266601562
156	22.71918487548828	21.825279235839844
157	21.864248275756836	21.970172882080078
158	21.8043212890625	22.478055953979492
159	25.739425659179688	24.699161529541016
160	22.962631225585938	22.59771156311035
161	23.100723266601562	22.330984115600586
162	21.223350524902344	22.250225067138672
163	22.926170349121094	22.295211791992188
164	23.062557220458984	22.825481414794922
165	23.06102752685547	22.751102447509766
166	23.148550033569336	22.73589324951172
167	23.581544876098633	22.608457565307617
168	18.593441009521484	19.756916046142578
169	18.562355041503906	19.258941650390625
170	17.877365112304688	23.642396926879883
171	19.040142059326172	20.023298263549805
172	18.987186431884766	20.995620727539062
173	19.061391830444336	20.722667694091797
174	21.311458587646484	23.290393829345703
175	21.785919189453125	22.81635284423828
176	19.24443244934082	20.73394775390625
177	18.60944366455078	21.068082809448242
178	24.09975814819336	22.68168830871582
179	18.976463317871094	21.094593048095703
180	23.076251983642578	22.928863525390625
181	21.870025634765625	23.001728057861328
182	21.62550163269043	22.282405853271484
183	19.513710021972656	20.90671730041504
184	21.09351348876953	22.210636138916016
185	21.09047508239746	23.86159896850586
186	19.527149200439453	22.356088638305664
187	23.046689987182617	22.17506217956543
188	21.954193115234375	22.335243225097656
189	22.81880760192871	22.554141998291016
190	22.938621520996094	22.145092010498047
191	22.931930541992188	22.416215896606445
192	23.10054588317871	22.51683235168457
193	23.952232360839844	22.62487030029297
194	22.36077117919922	22.360610961914062
195	22.452922821044922	22.28986358642578
196	22.30882453918457	22.650981903076172
197	22.909465789794922	22.656597137451172
198	22.448200225830078	22.666196823120117
199	20.055498123168945	22.908994674682617
200	23.07842254638672	22.77124786376953
201	23.051532745361328	22.654102325439453
202	22.652740478515625	22.68604278564453
203	23.20600700378418	22.778461456298828
204	23.072826385498047	22.936241149902344
205	22.684568405151367	22.987314224243164
206	22.269142150878906	22.72665023803711
207	22.940629959106445	22.492687225341797
208	22.982547760009766	22.813800811767578
209	21.190086364746094	22.747098922729492
210	22.450441360473633	22.82530975341797
211	21.068557739257812	22.803987503051758
212	25.666282653808594	25.31180191040039
213	22.58032989501953	21.92413330078125
214	19.841154098510742	21.918970108032227
215	22.124439239501953	22.37560272216797
216	25.024723052978516	24.830425262451172
217	22.35277557373047	22.633331298828125
218	21.593212127685547	22.53275489807129
219	22.60540008544922	22.77683448791504
220	22.429794311523438	22.75568199157715
221	21.98849105834961	22.442371368408203
222	22.640941619873047	22.54826545715332
223	23.90421485900879	22.629318237304688
224	22.639564514160156	22.837854385375977
225	22.993494033813477	22.18218994140625
226	22.904518127441406	22.16811180114746
227	23.03399085998535	22.193748474121094
228	21.669086456298828	22.240234375
229	26.191781997680664	21.85953712463379
230	22.199668884277344	22.609638214111328
231	21.96511459350586	21.626956939697266
232	21.722267150878906	21.89162254333496
233	22.07785415649414	21.110313415527344
234	19.56101417541504	20.50591278076172
235	21.425376892089844	22.203969955444336
236	22.6027774810791	22.71520233154297
237	21.634113311767578	22.88371467590332
238	19.86544418334961	21.179180145263672
239	22.133399963378906	22.327594757080078
