0: {(1, 19): [1, 5, 7, 15, 19], (19, 11): [19, 17, 14, 12, 13, 11], (1, 16): [1, 3, 1, 5, 7, 16]}
1: {(1, 19): [1, 5, 8, 15, 19], (19, 11): [19, 17, 14, 12, 13, 11], (19, 16): [19, 19, 19, 15, 7, 16]}
2: {(1, 19): [1, 5, 8, 15, 19], (19, 11): [19, 17, 14, 12, 13, 11], (19, 16): [19, 19, 19, 19, 21, 20, 18, 16]}
3: {(1, 19): [1, 5, 7, 15, 19], (19, 11): [19, 17, 14, 12, 13, 11], (19, 16): [19, 19, 15, 7, 16]}
4: {(1, 19): [1, 5, 7, 15, 19], (19, 11): [19, 17, 14, 12, 13, 11], (19, 16): [19, 15, 7, 16]}
5: {(1, 19): [1, 5, 8, 15, 19], (19, 11): [19, 17, 14, 12, 13, 11], (19, 16): [19, 19, 15, 7, 16]}
6: {(1, 19): [1, 5, 7, 15, 19], (19, 11): [19, 17, 14, 12, 13, 11], (19, 16): [19, 19, 15, 7, 16]}
7: {(1, 19): [1, 5, 7, 15, 19], (19, 11): [19, 17, 14, 12, 13, 11], (19, 16): [19, 19, 15, 7, 16]}
8: {(1, 19): [1, 5, 7, 15, 19], (19, 11): [19, 17, 14, 12, 13, 11], (19, 16): [19, 19, 19, 19]}
9: {(1, 19): [1, 5, 8, 15, 19], (19, 11): [19, 17, 14, 12, 13, 11], (19, 16): [19, 15, 7, 16]}
10: {(1, 19): [1, 5, 8, 15, 19], (19, 11): [19, 17, 14, 12, 13, 11], (19, 16): [19, 15, 7, 16]}
11: {(1, 19): [1, 5, 8, 15, 19], (19, 11): [19, 17, 14, 12, 13, 11], (19, 16): [19, 19, 15, 7, 16]}
12: {(1, 19): [1, 5, 8, 15, 19], (19, 11): [19, 17, 14, 12, 13, 11], (19, 16): [19, 15, 7, 16]}
13: {(1, 19): [1, 5, 8, 15, 19], (19, 11): [19, 17, 14, 12, 13, 11], (19, 16): [19, 19, 15, 7, 16]}
14: {(1, 19): [1, 5, 8, 15, 19], (19, 11): [19, 17, 14, 12, 13, 11], (19, 16): [19, 15, 7, 16]}
15: {(1, 19): [1, 5, 8, 15, 19], (19, 11): [19, 17, 14, 12, 13, 11], (19, 16): [19, 15, 7, 16]}
16: {(1, 19): [1, 5, 8, 15, 19], (19, 11): [19, 17, 14, 12, 13, 11], (19, 16): [19, 15, 7, 16]}
17: {(1, 19): [1, 5, 7, 15, 19], (19, 11): [19, 17, 14, 12, 13, 11], (19, 16): [19, 15, 7, 16]}
18: {(1, 19): [1, 5, 7, 15, 19], (19, 11): [19, 17, 14, 12, 13, 11], (19, 16): [19, 15, 7, 16]}
19: {(1, 19): [1, 5, 7, 15, 19], (19, 11): [19, 17, 14, 12, 13, 11], (19, 16): [19, 15, 7, 16]}
20: {(1, 19): [1, 5, 7, 15, 19], (19, 11): [19, 17, 14, 12, 13, 11], (19, 16): [19, 15, 7, 16]}
21: {(1, 19): [1, 5, 7, 15, 19], (19, 11): [19, 17, 14, 12, 13, 11], (19, 16): [19, 19, 19, 19, 15, 7, 16]}
22: {(1, 19): [1, 5, 7, 15, 19], (19, 11): [19, 17, 14, 12, 13, 11], (19, 16): [19, 15, 7, 16]}
23: {(1, 19): [1, 5, 7, 15, 19], (19, 11): [19, 17, 14, 12, 13, 11], (19, 16): [19, 15, 7, 16]}
24: {(1, 19): [1, 5, 7, 15, 19], (19, 11): [19, 17, 14, 12, 13, 11], (19, 16): [19, 15, 7, 16]}
25: {(1, 19): [1, 5, 7, 15, 19], (19, 11): [19, 17, 14, 12, 13, 11], (19, 16): [19, 15, 7, 16]}
26: {(1, 19): [1, 5, 7, 15, 19], (19, 11): [19, 17, 14, 12, 13, 11], (19, 16): [19, 19, 15, 7, 16]}
27: {(1, 19): [1, 5, 7, 15, 19], (19, 11): [19, 17, 14, 12, 13, 11], (19, 16): [19, 19, 19, 15, 7, 16]}
28: {(1, 19): [1, 5, 7, 15, 19], (19, 11): [19, 17, 14, 12, 13, 11], (19, 16): [19, 19, 15, 7, 16]}
29: {(1, 19): [1, 5, 7, 15, 19], (19, 11): [19, 17, 14, 12, 13, 11], (19, 16): [19, 19, 15, 7, 16]}
30: {(1, 19): [1, 5, 7, 15, 19], (19, 11): [19, 17, 14, 12, 13, 11], (19, 16): [19, 15, 7, 16]}
31: {(1, 19): [1, 5, 7, 15, 19], (19, 11): [19, 17, 14, 12, 13, 11], (19, 16): [19, 19, 15, 7, 16]}
32: {(1, 19): [1, 5, 8, 15, 19], (19, 11): [19, 17, 14, 12, 13, 11], (19, 16): [19, 15, 7, 16]}
33: {(1, 19): [1, 5, 8, 15, 19], (19, 11): [19, 17, 14, 12, 13, 11], (19, 16): [19, 15, 7, 16]}
34: {(1, 19): [1, 5, 8, 15, 19], (19, 11): [19, 17, 14, 12, 13, 11], (19, 16): [19, 15, 7, 16]}
35: {(1, 19): [1, 5, 8, 15, 19], (19, 11): [19, 17, 14, 12, 13, 11], (19, 16): [19, 15, 7, 16]}
36: {(1, 19): [1, 5, 8, 15, 19], (19, 11): [19, 17, 14, 12, 13, 11], (19, 16): [19, 19, 15, 7, 16]}
37: {(1, 19): [1, 5, 8, 15, 19], (19, 11): [19, 17, 14, 12, 13, 11], (19, 16): [19, 15, 7, 16]}
38: {(1, 19): [1, 5, 8, 15, 19], (19, 11): [19, 17, 14, 12, 13, 11], (19, 16): [19, 19, 15, 7, 16]}
39: {(1, 19): [1, 5, 8, 15, 19], (19, 11): [19, 17, 14, 12, 13, 11], (19, 16): [19, 19, 19, 15, 7, 16]}
40: {(1, 19): [1, 5, 8, 15, 19], (19, 11): [19, 17, 14, 12, 13, 11], (19, 16): [19, 19, 19, 15, 19, 15, 7, 16]}
41: {(1, 19): [1, 5, 8, 15, 19], (19, 11): [19, 17, 14, 12, 13, 11], (19, 16): [19, 19, 19, 19]}
42: {(1, 19): [1, 5, 8, 15, 19], (19, 11): [19, 17, 14, 12, 13, 11], (19, 16): [19, 15, 7, 16]}
43: {(1, 19): [1, 5, 8, 15, 19], (19, 11): [19, 17, 14, 12, 13, 11], (19, 16): [19, 15, 7, 16]}
44: {(1, 19): [1, 5, 8, 15, 19], (19, 11): [19, 17, 14, 12, 13, 11], (19, 16): [19, 15, 7, 16]}
45: {(1, 19): [1, 5, 8, 15, 19], (19, 11): [19, 17, 14, 12, 13, 11], (19, 16): [19, 15, 7, 16]}
46: {(1, 19): [1, 5, 7, 15, 19], (19, 11): [19, 17, 14, 12, 13, 11], (19, 16): [19, 19, 19, 15, 7, 16]}
47: {(1, 19): [1, 5, 8, 15, 19], (19, 11): [19, 17, 14, 12, 13, 11], (19, 16): [19, 19, 15, 7, 16]}
48: {(1, 19): [1, 5, 8, 15, 19], (19, 11): [19, 17, 14, 12, 13, 11], (19, 16): [19, 19, 15, 7, 16]}
49: {(1, 19): [1, 5, 8, 15, 19], (19, 11): [19, 17, 14, 12, 13, 11], (19, 16): [19, 15, 7, 16]}
50: {(1, 19): [1, 5, 8, 15, 19], (19, 11): [19, 17, 14, 12, 13, 11], (19, 16): [19, 15, 7, 16]}
51: {(1, 19): [1, 5, 8, 15, 19], (19, 11): [19, 17, 14, 12, 13, 11], (19, 16): [19, 15, 7, 16]}
52: {(1, 19): [1, 5, 8, 15, 19], (19, 11): [19, 17, 14, 12, 13, 11], (19, 16): [19, 15, 7, 16]}
53: {(1, 19): [1, 5, 8, 15, 19], (19, 11): [19, 17, 14, 12, 13, 11], (19, 16): [19, 15, 7, 16]}
54: {(1, 19): [1, 5, 7, 15, 19], (19, 11): [19, 17, 14, 12, 13, 11], (19, 16): [19, 19, 15, 7, 16]}
55: {(1, 19): [1, 5, 7, 15, 19], (19, 11): [19, 17, 14, 12, 13, 11], (19, 16): [19, 15, 7, 16]}
56: {(1, 19): [1, 5, 7, 15, 19], (19, 11): [19, 17, 14, 12, 13, 11], (19, 16): [19, 15, 7, 16]}
57: {(1, 19): [1, 5, 7, 15, 19], (19, 11): [19, 17, 14, 12, 13, 11], (19, 16): [19, 15, 7, 16]}
58: {(1, 19): [1, 5, 7, 15, 19], (19, 11): [19, 17, 14, 12, 13, 11], (19, 16): [19, 15, 7, 16]}
59: {(1, 19): [1, 5, 7, 15, 19], (19, 11): [19, 17, 14, 12, 13, 11], (19, 16): [19, 15, 7, 16]}
60: {(1, 19): [1, 5, 7, 15, 19], (19, 11): [19, 17, 14, 12, 13, 11], (19, 16): [19, 15, 7, 16]}
61: {(1, 19): [1, 5, 7, 15, 19], (19, 11): [19, 17, 14, 12, 13, 11], (19, 16): [19, 15, 7, 16]}
62: {(1, 19): [1, 5, 7, 15, 19], (19, 11): [19, 17, 14, 12, 13, 11], (19, 16): [19, 15, 7, 16]}
63: {(1, 19): [1, 5, 7, 15, 19], (19, 11): [19, 17, 14, 12, 13, 11], (19, 16): [19, 15, 7, 16]}
64: {(1, 19): [1, 5, 7, 15, 19], (19, 11): [19, 17, 14, 12, 13, 11], (19, 16): [19, 15, 7, 16]}
65: {(1, 19): [1, 5, 7, 15, 19], (19, 11): [19, 17, 14, 12, 13, 11], (19, 16): [19, 15, 7, 16]}
66: {(1, 19): [1, 5, 7, 15, 19], (19, 11): [19, 17, 14, 12, 13, 11], (19, 16): [19, 15, 7, 16]}
67: {(1, 19): [1, 5, 7, 15, 19], (19, 11): [19, 17, 14, 12, 13, 11], (19, 16): [19, 15, 7, 16]}
68: {(1, 19): [1, 5, 7, 15, 19], (19, 11): [19, 17, 14, 12, 13, 11], (19, 16): [19, 15, 7, 16]}
69: {(1, 19): [1, 5, 7, 15, 19], (19, 11): [19, 17, 14, 12, 13, 11], (19, 16): [19, 15, 7, 16]}
70: {(1, 19): [1, 5, 7, 15, 19], (19, 11): [19, 17, 14, 12, 13, 11], (19, 16): [19, 15, 7, 16]}
71: {(1, 19): [1, 5, 7, 15, 19], (19, 11): [19, 17, 14, 12, 13, 11], (19, 16): [19, 15, 7, 16]}
72: {(1, 19): [1, 5, 7, 15, 19], (19, 11): [19, 17, 14, 12, 13, 11], (19, 16): [19, 15, 7, 16]}
73: {(1, 19): [1, 5, 7, 15, 19], (19, 11): [19, 17, 14, 12, 13, 11], (19, 16): [19, 15, 7, 16]}
74: {(1, 19): [1, 5, 7, 15, 19], (19, 11): [19, 17, 14, 12, 13, 11], (19, 16): [19, 15, 7, 16]}
75: {(1, 19): [1, 5, 8, 15, 19], (19, 11): [19, 17, 14, 12, 13, 11], (19, 16): [19, 15, 7, 16]}
76: {(1, 19): [1, 5, 8, 15, 19], (19, 11): [19, 17, 14, 12, 13, 11], (19, 16): [19, 15, 7, 16]}
77: {(1, 19): [1, 5, 8, 15, 19], (19, 11): [19, 17, 14, 12, 13, 11], (19, 16): [19, 15, 7, 16]}
78: {(1, 19): [1, 5, 8, 15, 19], (19, 11): [19, 17, 14, 12, 13, 11], (19, 16): [19, 15, 7, 16]}
79: {(1, 19): [1, 5, 8, 15, 19], (19, 11): [19, 17, 14, 12, 13, 11], (19, 16): [19, 15, 7, 16]}
80: {(1, 19): [1, 5, 8, 15, 19], (19, 11): [19, 17, 14, 12, 13, 11], (19, 16): [19, 15, 7, 16]}
81: {(1, 19): [1, 5, 8, 15, 19], (19, 11): [19, 17, 14, 12, 13, 11], (19, 16): [19, 15, 7, 16]}
82: {(1, 19): [1, 5, 8, 15, 19], (19, 11): [19, 17, 14, 12, 13, 11], (19, 16): [19, 15, 7, 16]}
83: {(1, 19): [1, 5, 8, 15, 19], (19, 11): [19, 17, 14, 12, 13, 11], (19, 16): [19, 15, 7, 16]}
84: {(1, 19): [1, 5, 8, 15, 19], (19, 11): [19, 17, 14, 12, 13, 11], (19, 16): [19, 15, 7, 16]}
85: {(1, 19): [1, 5, 8, 15, 19], (19, 11): [19, 17, 14, 12, 13, 11], (19, 16): [19, 15, 7, 16]}
86: {(1, 19): [1, 5, 8, 15, 19], (19, 11): [19, 17, 14, 12, 13, 11], (19, 16): [19, 15, 7, 16]}
87: {(1, 19): [1, 5, 8, 15, 19], (19, 11): [19, 17, 14, 12, 13, 11], (19, 16): [19, 15, 7, 16]}
88: {(1, 19): [1, 5, 8, 15, 19], (19, 11): [19, 17, 14, 12, 13, 11], (19, 16): [19, 19, 15, 7, 16]}
89: {(1, 19): [1, 5, 8, 15, 19], (19, 11): [19, 17, 14, 12, 13, 11], (19, 16): [19, 15, 7, 16]}
90: {(1, 19): [1, 5, 8, 15, 19], (19, 11): [19, 17, 14, 12, 13, 11], (19, 16): [19, 15, 7, 16]}
91: {(1, 19): [1, 5, 8, 15, 19], (19, 11): [19, 17, 14, 12, 13, 11], (19, 16): [19, 15, 7, 16]}
92: {(1, 19): [1, 5, 8, 15, 19], (19, 11): [19, 17, 14, 12, 13, 11], (19, 16): [19, 15, 7, 16]}
93: {(1, 19): [1, 5, 8, 15, 19], (19, 11): [19, 17, 14, 12, 13, 11], (19, 16): [19, 15, 7, 16]}
94: {(1, 19): [1, 5, 8, 15, 19], (19, 11): [19, 17, 14, 12, 13, 11], (19, 16): [19, 15, 7, 16]}
95: {(1, 19): [1, 5, 8, 15, 19], (19, 11): [19, 17, 14, 12, 13, 11], (19, 16): [19, 19, 15, 7, 16]}
96: {(1, 19): [1, 5, 8, 15, 19], (19, 11): [19, 17, 14, 12, 13, 11], (19, 16): [19, 15, 7, 16]}
97: {(1, 19): [1, 5, 8, 15, 19], (19, 11): [19, 17, 14, 12, 13, 11], (19, 16): [19, 15, 7, 16]}
98: {(1, 19): [1, 5, 8, 15, 19], (19, 11): [19, 17, 14, 12, 13, 11], (19, 16): [19, 15, 7, 16]}
99: {(1, 19): [1, 5, 8, 15, 19], (19, 11): [19, 17, 14, 12, 13, 11], (19, 16): [19, 15, 7, 16]}
100: {(1, 19): [1, 5, 8, 15, 19], (19, 11): [19, 17, 14, 12, 13, 11], (19, 16): [19, 15, 7, 16]}
101: {(1, 19): [1, 5, 8, 15, 19], (19, 11): [19, 17, 14, 12, 13, 11], (19, 16): [19, 15, 7, 16]}
102: {(1, 19): [1, 5, 8, 15, 19], (19, 11): [19, 17, 14, 12, 13, 11], (19, 16): [19, 15, 7, 16]}
103: {(1, 19): [1, 5, 8, 15, 19], (19, 11): [19, 17, 14, 12, 13, 11], (19, 16): [19, 15, 7, 16]}
104: {(1, 19): [1, 5, 8, 15, 19], (19, 11): [19, 17, 14, 12, 13, 11], (19, 16): [19, 15, 7, 16]}
105: {(1, 19): [1, 5, 8, 15, 19], (19, 11): [19, 17, 14, 12, 13, 11], (19, 16): [19, 15, 7, 16]}
106: {(1, 19): [1, 5, 8, 15, 19], (19, 11): [19, 17, 14, 12, 13, 11], (19, 16): [19, 15, 7, 16]}
107: {(1, 19): [1, 5, 8, 15, 19], (19, 11): [19, 17, 14, 12, 13, 11], (19, 16): [19, 15, 7, 16]}
108: {(1, 19): [1, 5, 8, 15, 19], (19, 11): [19, 17, 14, 12, 13, 11], (19, 16): [19, 15, 7, 16]}
109: {(1, 19): [1, 5, 8, 15, 19], (19, 11): [19, 17, 14, 12, 13, 11], (19, 16): [19, 15, 7, 16]}
110: {(1, 19): [1, 5, 8, 15, 19], (19, 11): [19, 17, 14, 12, 13, 11], (19, 16): [19, 15, 7, 16]}
111: {(1, 19): [1, 5, 8, 15, 19], (19, 11): [19, 17, 14, 12, 13, 11], (19, 16): [19, 15, 7, 16]}
112: {(1, 19): [1, 5, 8, 15, 19], (19, 11): [19, 17, 14, 12, 13, 11], (19, 16): [19, 15, 7, 16]}
113: {(1, 19): [1, 5, 8, 15, 19], (19, 11): [19, 17, 14, 12, 13, 11], (19, 16): [19, 15, 7, 16]}
114: {(1, 19): [1, 5, 8, 15, 19], (19, 11): [19, 17, 14, 12, 13, 11], (19, 16): [19, 15, 7, 16]}
115: {(1, 19): [1, 5, 8, 15, 19], (19, 11): [19, 17, 14, 12, 13, 11], (19, 16): [19, 15, 7, 16]}
116: {(1, 19): [1, 5, 8, 15, 19], (19, 11): [19, 17, 14, 12, 13, 11], (19, 16): [19, 15, 7, 16]}
117: {(1, 19): [1, 5, 8, 15, 19], (19, 11): [19, 17, 14, 12, 13, 11], (19, 16): [19, 15, 7, 16]}
118: {(1, 19): [1, 5, 8, 15, 19], (19, 11): [19, 17, 14, 12, 13, 11], (19, 16): [19, 15, 7, 16]}
119: {(1, 19): [1, 5, 8, 15, 19], (19, 11): [19, 17, 14, 12, 13, 11], (19, 16): [19, 15, 7, 16]}
120: {(1, 19): [1, 5, 8, 15, 19], (19, 11): [19, 17, 14, 12, 13, 11], (19, 16): [19, 15, 7, 16]}
121: {(1, 19): [1, 5, 8, 15, 19], (19, 11): [19, 17, 14, 12, 13, 11], (19, 16): [19, 15, 7, 16]}
122: {(1, 19): [1, 5, 8, 15, 19], (19, 11): [19, 17, 14, 12, 13, 11], (19, 16): [19, 15, 7, 16]}
123: {(1, 19): [1, 5, 8, 15, 19], (19, 11): [19, 17, 14, 12, 13, 11], (19, 16): [19, 15, 7, 16]}
124: {(1, 19): [1, 5, 8, 15, 19], (19, 11): [19, 17, 14, 12, 13, 11], (19, 16): [19, 15, 7, 16]}
125: {(1, 19): [1, 5, 8, 15, 19], (19, 11): [19, 17, 14, 12, 13, 11], (19, 16): [19, 15, 7, 16]}
126: {(1, 19): [1, 5, 8, 15, 19], (19, 11): [19, 17, 14, 12, 13, 11], (19, 16): [19, 15, 7, 16]}
127: {(1, 19): [1, 5, 8, 15, 19], (19, 11): [19, 17, 14, 12, 13, 11], (19, 16): [19, 15, 7, 16]}
128: {(1, 19): [1, 5, 8, 15, 19], (19, 11): [19, 17, 14, 12, 13, 11], (19, 16): [19, 15, 7, 16]}
129: {(1, 19): [1, 5, 8, 15, 19], (19, 11): [19, 17, 14, 12, 13, 11], (19, 16): [19, 15, 7, 16]}
130: {(1, 19): [1, 5, 8, 15, 19], (19, 11): [19, 17, 14, 12, 13, 11], (19, 16): [19, 15, 7, 16]}
131: {(1, 19): [1, 5, 8, 15, 19], (19, 11): [19, 17, 14, 12, 13, 11], (19, 16): [19, 15, 7, 16]}
132: {(1, 19): [1, 5, 8, 15, 19], (19, 11): [19, 17, 14, 12, 13, 11], (19, 16): [19, 15, 7, 16]}
133: {(1, 19): [1, 5, 8, 15, 19], (19, 11): [19, 17, 14, 12, 13, 11], (19, 16): [19, 15, 7, 16]}
134: {(1, 19): [1, 5, 8, 15, 19], (19, 11): [19, 17, 14, 12, 13, 11], (19, 16): [19, 15, 7, 16]}
135: {(1, 19): [1, 5, 8, 15, 19], (19, 11): [19, 17, 14, 12, 13, 11], (19, 16): [19, 15, 7, 16]}
136: {(1, 19): [1, 5, 8, 15, 19], (19, 11): [19, 17, 14, 12, 13, 11], (19, 16): [19, 15, 7, 16]}
137: {(1, 19): [1, 5, 8, 15, 19], (19, 11): [19, 17, 14, 12, 13, 11], (19, 16): [19, 15, 7, 16]}
138: {(1, 19): [1, 5, 8, 15, 19], (19, 11): [19, 17, 14, 12, 13, 11], (19, 16): [19, 15, 7, 16]}
139: {(1, 19): [1, 5, 8, 15, 19], (19, 11): [19, 17, 14, 12, 13, 11], (19, 16): [19, 15, 7, 16]}
140: {(1, 19): [1, 5, 8, 15, 19], (19, 11): [19, 17, 14, 12, 13, 11], (19, 16): [19, 15, 7, 16]}
141: {(1, 19): [1, 5, 8, 15, 19], (19, 11): [19, 17, 14, 12, 13, 11], (19, 16): [19, 15, 7, 16]}
142: {(1, 19): [1, 5, 8, 15, 19], (19, 11): [19, 17, 14, 12, 13, 11], (19, 16): [19, 15, 7, 16]}
143: {(1, 19): [1, 5, 8, 15, 19], (19, 11): [19, 17, 14, 12, 13, 11], (19, 16): [19, 15, 7, 16]}
144: {(1, 19): [1, 5, 8, 15, 19], (19, 11): [19, 17, 14, 12, 13, 11], (19, 16): [19, 15, 7, 16]}
145: {(1, 19): [1, 5, 8, 15, 19], (19, 11): [19, 17, 14, 12, 13, 11], (19, 16): [19, 15, 7, 16]}
146: {(1, 19): [1, 5, 8, 15, 19], (19, 11): [19, 17, 14, 12, 13, 11], (19, 16): [19, 15, 7, 16]}
147: {(1, 19): [1, 5, 8, 15, 19], (19, 11): [19, 17, 14, 12, 13, 11], (19, 16): [19, 15, 7, 16]}
148: {(1, 19): [1, 5, 8, 15, 19], (19, 11): [19, 17, 14, 12, 13, 11], (19, 16): [19, 15, 7, 16]}
149: {(1, 19): [1, 5, 8, 15, 19], (19, 11): [19, 17, 14, 12, 13, 11], (19, 16): [19, 15, 7, 16]}
150: {(1, 19): [1, 5, 8, 15, 19], (19, 11): [19, 17, 14, 12, 13, 11], (19, 16): [19, 15, 7, 16]}
151: {(1, 19): [1, 5, 8, 15, 19], (19, 11): [19, 17, 14, 12, 13, 11], (19, 16): [19, 15, 7, 16]}
152: {(1, 19): [1, 5, 8, 15, 19], (19, 11): [19, 17, 14, 12, 13, 11], (19, 16): [19, 15, 7, 16]}
153: {(1, 19): [1, 5, 8, 15, 19], (19, 11): [19, 17, 14, 12, 13, 11], (19, 16): [19, 15, 7, 16]}
154: {(1, 19): [1, 5, 8, 15, 19], (19, 11): [19, 17, 14, 12, 13, 11], (19, 16): [19, 15, 7, 16]}
155: {(1, 19): [1, 5, 8, 15, 19], (19, 11): [19, 17, 14, 12, 13, 11], (19, 16): [19, 15, 7, 16]}
156: {(1, 19): [1, 5, 8, 15, 19], (19, 11): [19, 17, 14, 12, 13, 11], (19, 16): [19, 15, 7, 16]}
157: {(1, 19): [1, 5, 8, 15, 19], (19, 11): [19, 17, 14, 12, 13, 11], (19, 16): [19, 15, 7, 16]}
158: {(1, 19): [1, 5, 8, 15, 19], (19, 11): [19, 17, 14, 12, 13, 11], (19, 16): [19, 15, 7, 16]}
159: {(1, 19): [1, 5, 8, 15, 19], (19, 11): [19, 17, 14, 12, 13, 11], (19, 16): [19, 15, 7, 16]}
160: {(1, 19): [1, 5, 8, 15, 19], (19, 11): [19, 17, 14, 12, 13, 11], (19, 16): [19, 15, 7, 16]}
161: {(1, 19): [1, 5, 8, 15, 19], (19, 11): [19, 17, 14, 12, 13, 11], (19, 16): [19, 15, 7, 16]}
162: {(1, 19): [1, 5, 8, 15, 19], (19, 11): [19, 17, 14, 12, 13, 11], (19, 16): [19, 15, 7, 16]}
163: {(1, 19): [1, 5, 8, 15, 19], (19, 11): [19, 17, 14, 12, 13, 11], (19, 16): [19, 15, 7, 16]}
164: {(1, 19): [1, 5, 8, 15, 19], (19, 11): [19, 17, 14, 12, 13, 11], (19, 16): [19, 15, 7, 16]}
165: {(1, 19): [1, 5, 8, 15, 19], (19, 11): [19, 17, 14, 12, 13, 11], (19, 16): [19, 15, 7, 16]}
166: {(1, 19): [1, 5, 8, 15, 19], (19, 11): [19, 17, 14, 12, 13, 11], (19, 16): [19, 15, 7, 16]}
167: {(1, 19): [1, 5, 8, 15, 19], (19, 11): [19, 17, 14, 12, 13, 11], (19, 16): [19, 15, 7, 16]}
168: {(1, 19): [1, 5, 8, 15, 19], (19, 11): [19, 17, 14, 12, 13, 11], (19, 16): [19, 15, 7, 16]}
169: {(1, 19): [1, 5, 8, 15, 19], (19, 11): [19, 17, 14, 12, 13, 11], (19, 16): [19, 15, 7, 16]}
170: {(1, 19): [1, 5, 8, 15, 19], (19, 11): [19, 17, 14, 12, 13, 11], (19, 16): [19, 15, 7, 16]}
171: {(1, 19): [1, 5, 8, 15, 19], (19, 11): [19, 17, 14, 12, 13, 11], (19, 16): [19, 15, 7, 16]}
172: {(1, 19): [1, 5, 8, 15, 19], (19, 11): [19, 17, 14, 12, 13, 11], (19, 16): [19, 15, 7, 16]}
173: {(1, 19): [1, 5, 8, 15, 19], (19, 11): [19, 17, 14, 12, 13, 11], (19, 16): [19, 15, 7, 16]}
174: {(1, 19): [1, 5, 8, 15, 19], (19, 11): [19, 17, 14, 12, 13, 11], (19, 16): [19, 15, 7, 16]}
175: {(1, 19): [1, 5, 8, 15, 19], (19, 11): [19, 17, 14, 12, 13, 11], (19, 16): [19, 15, 7, 16]}
176: {(1, 19): [1, 5, 8, 15, 19], (19, 11): [19, 17, 14, 12, 13, 11], (19, 16): [19, 15, 7, 16]}
177: {(1, 19): [1, 5, 8, 15, 19], (19, 11): [19, 17, 14, 12, 13, 11], (19, 16): [19, 15, 7, 16]}
178: {(1, 19): [1, 5, 8, 15, 19], (19, 11): [19, 17, 14, 12, 13, 11], (19, 16): [19, 15, 7, 16]}
179: {(1, 19): [1, 5, 8, 15, 19], (19, 11): [19, 17, 14, 12, 13, 11], (19, 16): [19, 15, 7, 16]}
180: {(1, 19): [1, 5, 8, 15, 19], (19, 11): [19, 17, 14, 12, 13, 11], (19, 16): [19, 15, 7, 16]}
181: {(1, 19): [1, 5, 8, 15, 19], (19, 11): [19, 17, 14, 12, 13, 11], (19, 16): [19, 15, 7, 16]}
182: {(1, 19): [1, 5, 8, 15, 19], (19, 11): [19, 17, 14, 12, 13, 11], (19, 16): [19, 15, 7, 16]}
183: {(1, 19): [1, 5, 8, 15, 19], (19, 11): [19, 17, 14, 12, 13, 11], (19, 16): [19, 15, 7, 16]}
184: {(1, 19): [1, 5, 8, 15, 19], (19, 11): [19, 17, 14, 12, 13, 11], (19, 16): [19, 15, 7, 16]}
185: {(1, 19): [1, 5, 8, 15, 19], (19, 11): [19, 17, 14, 12, 13, 11], (19, 16): [19, 15, 7, 16]}
186: {(1, 19): [1, 5, 8, 15, 19], (19, 11): [19, 17, 14, 12, 13, 11], (19, 16): [19, 15, 7, 16]}
187: {(1, 19): [1, 5, 8, 15, 19], (19, 11): [19, 17, 14, 12, 13, 11], (19, 16): [19, 15, 7, 16]}
188: {(1, 19): [1, 5, 8, 15, 19], (19, 11): [19, 17, 14, 12, 13, 11], (19, 16): [19, 15, 7, 16]}
189: {(1, 19): [1, 5, 8, 15, 19], (19, 11): [19, 17, 14, 12, 13, 11], (19, 16): [19, 15, 7, 16]}
190: {(1, 19): [1, 5, 8, 15, 19], (19, 11): [19, 17, 14, 12, 13, 11], (19, 16): [19, 15, 7, 16]}
191: {(1, 19): [1, 5, 8, 15, 19], (19, 11): [19, 17, 14, 12, 13, 11], (19, 16): [19, 15, 7, 16]}
192: {(1, 19): [1, 5, 8, 15, 19], (19, 11): [19, 17, 14, 12, 13, 11], (19, 16): [19, 15, 7, 16]}
193: {(1, 19): [1, 5, 8, 15, 19], (19, 11): [19, 17, 14, 12, 13, 11], (19, 16): [19, 15, 7, 16]}
194: {(1, 19): [1, 5, 8, 15, 19], (19, 11): [19, 17, 14, 12, 13, 11], (19, 16): [19, 15, 7, 16]}
195: {(1, 19): [1, 5, 8, 15, 19], (19, 11): [19, 17, 14, 12, 13, 11], (19, 16): [19, 15, 7, 16]}
196: {(1, 19): [1, 5, 8, 15, 19], (19, 11): [19, 17, 14, 12, 13, 11], (19, 16): [19, 15, 7, 16]}
197: {(1, 19): [1, 5, 8, 15, 19], (19, 11): [19, 17, 14, 12, 13, 11], (19, 16): [19, 15, 7, 16]}
198: {(1, 19): [1, 5, 8, 15, 19], (19, 11): [19, 17, 14, 12, 13, 11], (19, 16): [19, 15, 7, 16]}
199: {(1, 19): [1, 5, 8, 15, 19], (19, 11): [19, 17, 14, 12, 13, 11], (19, 16): [19, 15, 7, 16]}
200: {(1, 19): [1, 5, 8, 15, 19], (19, 11): [19, 17, 14, 12, 13, 11], (19, 16): [19, 15, 7, 16]}
201: {(1, 19): [1, 5, 8, 15, 19], (19, 11): [19, 17, 14, 12, 13, 11], (19, 16): [19, 15, 7, 16]}
202: {(1, 19): [1, 5, 8, 15, 19], (19, 11): [19, 17, 14, 12, 13, 11], (19, 16): [19, 15, 7, 16]}
203: {(1, 19): [1, 5, 8, 15, 19], (19, 11): [19, 17, 14, 12, 13, 11], (19, 16): [19, 15, 7, 16]}
204: {(1, 19): [1, 5, 8, 15, 19], (19, 11): [19, 17, 14, 12, 13, 11], (19, 16): [19, 15, 7, 16]}
205: {(1, 19): [1, 5, 8, 15, 19], (19, 11): [19, 17, 14, 12, 13, 11], (19, 16): [19, 15, 7, 16]}
206: {(1, 19): [1, 5, 8, 15, 19], (19, 11): [19, 17, 14, 12, 13, 11], (19, 16): [19, 15, 7, 16]}
207: {(1, 19): [1, 5, 8, 15, 19], (19, 11): [19, 17, 14, 12, 13, 11], (19, 16): [19, 15, 7, 16]}
208: {(1, 19): [1, 5, 8, 15, 19], (19, 11): [19, 17, 14, 12, 13, 11], (19, 16): [19, 15, 7, 16]}
209: {(1, 19): [1, 5, 8, 15, 19], (19, 11): [19, 17, 14, 12, 13, 11], (19, 16): [19, 15, 7, 16]}
210: {(1, 19): [1, 5, 8, 15, 19], (19, 11): [19, 17, 14, 12, 13, 11], (19, 16): [19, 15, 7, 16]}
211: {(1, 19): [1, 5, 8, 15, 19], (19, 11): [19, 17, 14, 12, 13, 11], (19, 16): [19, 15, 7, 16]}
212: {(1, 19): [1, 5, 8, 15, 19], (19, 11): [19, 17, 14, 12, 13, 11], (19, 16): [19, 15, 7, 16]}
213: {(1, 19): [1, 5, 8, 15, 19], (19, 11): [19, 17, 14, 12, 13, 11], (19, 16): [19, 15, 7, 16]}
214: {(1, 19): [1, 5, 8, 15, 19], (19, 11): [19, 17, 14, 12, 13, 11], (19, 16): [19, 15, 7, 16]}
215: {(1, 19): [1, 5, 8, 15, 19], (19, 11): [19, 17, 14, 12, 13, 11], (19, 16): [19, 15, 7, 16]}
216: {(1, 19): [1, 5, 8, 15, 19], (19, 11): [19, 17, 14, 12, 13, 11], (19, 16): [19, 15, 7, 16]}
217: {(1, 19): [1, 5, 8, 15, 19], (19, 11): [19, 17, 14, 12, 13, 11], (19, 16): [19, 15, 7, 16]}
218: {(1, 19): [1, 5, 8, 15, 19], (19, 11): [19, 17, 14, 12, 13, 11], (19, 16): [19, 15, 7, 16]}
219: {(1, 19): [1, 5, 8, 15, 19], (19, 11): [19, 17, 14, 12, 13, 11], (19, 16): [19, 15, 7, 16]}
220: {(1, 19): [1, 5, 8, 15, 19], (19, 11): [19, 17, 14, 12, 13, 11], (19, 16): [19, 15, 7, 16]}
221: {(1, 19): [1, 5, 8, 15, 19], (19, 11): [19, 17, 14, 12, 13, 11], (19, 16): [19, 15, 7, 16]}
222: {(1, 19): [1, 5, 8, 15, 19], (19, 11): [19, 17, 14, 12, 13, 11], (19, 16): [19, 15, 7, 16]}
223: {(1, 19): [1, 5, 8, 15, 19], (19, 11): [19, 17, 14, 12, 13, 11], (19, 16): [19, 15, 7, 16]}
224: {(1, 19): [1, 5, 8, 15, 19], (19, 11): [19, 17, 14, 12, 13, 11], (19, 16): [19, 15, 7, 16]}
225: {(1, 19): [1, 5, 8, 15, 19], (19, 11): [19, 17, 14, 12, 13, 11], (19, 16): [19, 15, 7, 16]}
226: {(1, 19): [1, 5, 8, 15, 19], (19, 11): [19, 17, 14, 12, 13, 11], (19, 16): [19, 15, 7, 16]}
227: {(1, 19): [1, 5, 8, 15, 19], (19, 11): [19, 17, 14, 12, 13, 11], (19, 16): [19, 15, 7, 16]}
228: {(1, 19): [1, 5, 8, 15, 19], (19, 11): [19, 17, 14, 12, 13, 11], (19, 16): [19, 15, 7, 16]}
229: {(1, 19): [1, 5, 8, 15, 19], (19, 11): [19, 17, 14, 12, 13, 11], (19, 16): [19, 15, 7, 16]}
230: {(1, 19): [1, 5, 8, 15, 19], (19, 11): [19, 17, 14, 12, 13, 11], (19, 16): [19, 15, 7, 16]}
231: {(1, 19): [1, 5, 8, 15, 19], (19, 11): [19, 17, 14, 12, 13, 11], (19, 16): [19, 15, 7, 16]}
232: {(1, 19): [1, 5, 8, 15, 19], (19, 11): [19, 17, 14, 12, 13, 11], (19, 16): [19, 15, 7, 16]}
233: {(1, 19): [1, 5, 8, 15, 19], (19, 11): [19, 17, 14, 12, 13, 11], (19, 16): [19, 15, 7, 16]}
234: {(1, 19): [1, 5, 8, 15, 19], (19, 11): [19, 17, 14, 12, 13, 11], (19, 16): [19, 15, 7, 16]}
235: {(1, 19): [1, 5, 8, 15, 19], (19, 11): [19, 17, 14, 12, 13, 11], (19, 16): [19, 15, 7, 16]}
236: {(1, 19): [1, 5, 8, 15, 19], (19, 11): [19, 17, 14, 12, 13, 11], (19, 16): [19, 15, 7, 16]}
237: {(1, 19): [1, 5, 8, 15, 19], (19, 11): [19, 17, 14, 12, 13, 11], (19, 16): [19, 15, 7, 16]}
238: {(1, 19): [1, 5, 8, 15, 19], (19, 11): [19, 17, 14, 12, 13, 11], (19, 16): [19, 15, 7, 16]}
239: {(1, 19): [1, 5, 8, 15, 19], (19, 11): [19, 17, 14, 12, 13, 11], (19, 16): [19, 15, 7, 16]}
240: {(1, 19): [1, 5, 8, 15, 19], (19, 11): [19, 17, 14, 12, 13, 11], (19, 16): [19, 15, 7, 16]}
241: {(1, 19): [1, 5, 8, 15, 19], (19, 11): [19, 17, 14, 12, 13, 11], (19, 16): [19, 15, 7, 16]}
242: {(1, 19): [1, 5, 8, 15, 19], (19, 11): [19, 17, 14, 12, 13, 11], (19, 16): [19, 15, 7, 16]}
243: {(1, 19): [1, 5, 8, 15, 19], (19, 11): [19, 17, 14, 12, 13, 11], (19, 16): [19, 15, 7, 16]}
244: {(1, 19): [1, 5, 8, 15, 19], (19, 11): [19, 17, 14, 12, 13, 11], (19, 16): [19, 15, 7, 16]}
245: {(1, 19): [1, 5, 8, 15, 19], (19, 11): [19, 17, 14, 12, 13, 11], (19, 16): [19, 15, 7, 16]}
246: {(1, 19): [1, 5, 8, 15, 19], (19, 11): [19, 17, 14, 12, 13, 11], (19, 16): [19, 15, 7, 16]}
247: {(1, 19): [1, 5, 8, 15, 19], (19, 11): [19, 17, 14, 12, 13, 11], (19, 16): [19, 15, 7, 16]}
248: {(1, 19): [1, 5, 8, 15, 19], (19, 11): [19, 17, 14, 12, 13, 11], (19, 16): [19, 15, 7, 16]}
249: {(1, 19): [1, 5, 8, 15, 19], (19, 11): [19, 17, 14, 12, 13, 11], (19, 16): [19, 15, 7, 16]}
250: {(1, 19): [1, 5, 8, 15, 19], (19, 11): [19, 17, 14, 12, 13, 11], (19, 16): [19, 15, 7, 16]}
251: {(1, 19): [1, 5, 8, 15, 19], (19, 11): [19, 17, 14, 12, 13, 11], (19, 16): [19, 15, 7, 16]}
252: {(1, 19): [1, 5, 8, 15, 19], (19, 11): [19, 17, 14, 12, 13, 11], (19, 16): [19, 15, 7, 16]}
253: {(1, 19): [1, 5, 8, 15, 19], (19, 11): [19, 17, 14, 12, 13, 11], (19, 16): [19, 15, 7, 16]}
254: {(1, 19): [1, 5, 8, 15, 19], (19, 11): [19, 17, 14, 12, 13, 11], (19, 16): [19, 15, 7, 16]}
255: {(1, 19): [1, 5, 8, 15, 19], (19, 11): [19, 17, 14, 12, 13, 11], (19, 16): [19, 15, 7, 16]}
256: {(1, 19): [1, 5, 8, 15, 19], (19, 11): [19, 17, 14, 12, 13, 11], (19, 16): [19, 15, 7, 16]}
257: {(1, 19): [1, 5, 8, 15, 19], (19, 11): [19, 17, 14, 12, 13, 11], (19, 16): [19, 15, 7, 16]}
258: {(1, 19): [1, 5, 8, 15, 19], (19, 11): [19, 17, 14, 12, 13, 11], (19, 16): [19, 15, 7, 16]}
259: {(1, 19): [1, 5, 8, 15, 19], (19, 11): [19, 17, 14, 12, 13, 11], (19, 16): [19, 15, 7, 16]}
260: {(1, 19): [1, 5, 8, 15, 19], (19, 11): [19, 17, 14, 12, 13, 11], (19, 16): [19, 15, 7, 16]}
261: {(1, 19): [1, 5, 8, 15, 19], (19, 11): [19, 17, 14, 12, 13, 11], (19, 16): [19, 15, 7, 16]}
262: {(1, 19): [1, 5, 8, 15, 19], (19, 11): [19, 17, 14, 12, 13, 11], (19, 16): [19, 15, 7, 16]}
263: {(1, 19): [1, 5, 8, 15, 19], (19, 11): [19, 17, 14, 12, 13, 11], (19, 16): [19, 15, 7, 16]}
264: {(1, 19): [1, 5, 8, 15, 19], (19, 11): [19, 17, 14, 12, 13, 11], (19, 16): [19, 15, 7, 16]}
265: {(1, 19): [1, 5, 8, 15, 19], (19, 11): [19, 17, 14, 12, 13, 11], (19, 16): [19, 15, 7, 16]}
266: {(1, 19): [1, 5, 8, 15, 19], (19, 11): [19, 17, 14, 12, 13, 11], (19, 16): [19, 15, 7, 16]}
267: {(1, 19): [1, 5, 8, 15, 19], (19, 11): [19, 17, 14, 12, 13, 11], (19, 16): [19, 15, 7, 16]}
268: {(1, 19): [1, 5, 8, 15, 19], (19, 11): [19, 17, 14, 12, 13, 11], (19, 16): [19, 15, 7, 16]}
269: {(1, 19): [1, 5, 8, 15, 19], (19, 11): [19, 17, 14, 12, 13, 11], (19, 16): [19, 15, 7, 16]}
270: {(1, 19): [1, 5, 8, 15, 19], (19, 11): [19, 17, 14, 12, 13, 11], (19, 16): [19, 15, 7, 16]}
271: {(1, 19): [1, 5, 8, 15, 19], (19, 11): [19, 17, 14, 12, 13, 11], (19, 16): [19, 15, 7, 16]}
272: {(1, 19): [1, 5, 8, 15, 19], (19, 11): [19, 17, 14, 12, 13, 11], (19, 16): [19, 15, 7, 16]}
273: {(1, 19): [1, 5, 8, 15, 19], (19, 11): [19, 17, 14, 12, 13, 11], (19, 16): [19, 15, 7, 16]}
274: {(1, 19): [1, 5, 8, 15, 19], (19, 11): [19, 17, 14, 12, 13, 11], (19, 16): [19, 15, 7, 16]}
275: {(1, 19): [1, 5, 8, 15, 19], (19, 11): [19, 17, 14, 12, 13, 11], (19, 16): [19, 15, 7, 16]}
276: {(1, 19): [1, 5, 8, 15, 19], (19, 11): [19, 17, 14, 12, 13, 11], (19, 16): [19, 15, 7, 16]}
277: {(1, 19): [1, 5, 8, 15, 19], (19, 11): [19, 17, 14, 12, 13, 11], (19, 16): [19, 15, 7, 16]}
278: {(1, 19): [1, 5, 8, 15, 19], (19, 11): [19, 17, 14, 12, 13, 11], (19, 16): [19, 15, 7, 16]}
279: {(1, 19): [1, 5, 8, 15, 19], (19, 11): [19, 17, 14, 12, 13, 11], (19, 16): [19, 15, 7, 16]}
280: {(1, 19): [1, 5, 8, 15, 19], (19, 11): [19, 17, 14, 12, 13, 11], (19, 16): [19, 15, 7, 16]}
281: {(1, 19): [1, 5, 8, 15, 19], (19, 11): [19, 17, 14, 12, 13, 11], (19, 16): [19, 15, 7, 16]}
282: {(1, 19): [1, 5, 8, 15, 19], (19, 11): [19, 17, 14, 12, 13, 11], (19, 16): [19, 15, 7, 16]}
283: {(1, 19): [1, 5, 8, 15, 19], (19, 11): [19, 17, 14, 12, 13, 11], (19, 16): [19, 15, 7, 16]}
284: {(1, 19): [1, 5, 8, 15, 19], (19, 11): [19, 17, 14, 12, 13, 11], (19, 16): [19, 15, 7, 16]}
285: {(1, 19): [1, 5, 8, 15, 19], (19, 11): [19, 17, 14, 12, 13, 11], (19, 16): [19, 15, 7, 16]}
286: {(1, 19): [1, 5, 8, 15, 19], (19, 11): [19, 17, 14, 12, 13, 11], (19, 16): [19, 15, 7, 16]}
287: {(1, 19): [1, 5, 8, 15, 19], (19, 11): [19, 17, 14, 12, 13, 11], (19, 16): [19, 15, 7, 16]}
288: {(1, 19): [1, 5, 8, 15, 19], (19, 11): [19, 17, 14, 12, 13, 11], (19, 16): [19, 15, 7, 16]}
289: {(1, 19): [1, 5, 8, 15, 19], (19, 11): [19, 17, 14, 12, 13, 11], (19, 16): [19, 15, 7, 16]}
290: {(1, 19): [1, 5, 8, 15, 19], (19, 11): [19, 17, 14, 12, 13, 11], (19, 16): [19, 15, 7, 16]}
291: {(1, 19): [1, 5, 8, 15, 19], (19, 11): [19, 17, 14, 12, 13, 11], (19, 16): [19, 15, 7, 16]}
292: {(1, 19): [1, 5, 8, 15, 19], (19, 11): [19, 17, 14, 12, 13, 11], (19, 16): [19, 15, 7, 16]}
293: {(1, 19): [1, 5, 8, 15, 19], (19, 11): [19, 17, 14, 12, 13, 11], (19, 16): [19, 15, 7, 16]}
294: {(1, 19): [1, 5, 8, 15, 19], (19, 11): [19, 17, 14, 12, 13, 11], (19, 16): [19, 15, 7, 16]}
295: {(1, 19): [1, 5, 8, 15, 19], (19, 11): [19, 17, 14, 12, 13, 11], (19, 16): [19, 15, 7, 16]}
296: {(1, 19): [1, 5, 8, 15, 19], (19, 11): [19, 17, 14, 12, 13, 11], (19, 16): [19, 15, 7, 16]}
297: {(1, 19): [1, 5, 8, 15, 19], (19, 11): [19, 17, 14, 12, 13, 11], (19, 16): [19, 15, 7, 16]}
298: {(1, 19): [1, 5, 8, 15, 19], (19, 11): [19, 17, 14, 12, 13, 11], (19, 16): [19, 15, 7, 16]}
299: {(1, 19): [1, 5, 8, 15, 19], (19, 11): [19, 17, 14, 12, 13, 11], (19, 16): [19, 15, 7, 16]}
300: {(1, 19): [1, 5, 8, 15, 19], (19, 11): [19, 17, 14, 12, 13, 11], (19, 16): [19, 15, 7, 16]}
301: {(1, 19): [1, 5, 8, 15, 19], (19, 11): [19, 17, 14, 12, 13, 11], (19, 16): [19, 15, 7, 16]}
302: {(1, 19): [1, 5, 8, 15, 19], (19, 11): [19, 17, 14, 12, 13, 11], (19, 16): [19, 15, 7, 16]}
303: {(1, 19): [1, 5, 8, 15, 19], (19, 11): [19, 17, 14, 12, 13, 11], (19, 16): [19, 15, 7, 16]}
304: {(1, 19): [1, 5, 8, 15, 19], (19, 11): [19, 17, 14, 12, 13, 11], (19, 16): [19, 15, 7, 16]}
305: {(1, 19): [1, 5, 8, 15, 19], (19, 11): [19, 17, 14, 12, 13, 11], (19, 16): [19, 15, 7, 16]}
306: {(1, 19): [1, 5, 8, 15, 19], (19, 11): [19, 17, 14, 12, 13, 11], (19, 16): [19, 15, 7, 16]}
307: {(1, 19): [1, 5, 8, 15, 19], (19, 11): [19, 17, 14, 12, 13, 11], (19, 16): [19, 15, 7, 16]}
308: {(1, 19): [1, 5, 8, 15, 19], (19, 11): [19, 17, 14, 12, 13, 11], (19, 16): [19, 15, 7, 16]}
309: {(1, 19): [1, 5, 8, 15, 19], (19, 11): [19, 17, 14, 12, 13, 11], (19, 16): [19, 15, 7, 16]}
310: {(1, 19): [1, 5, 8, 15, 19], (19, 11): [19, 17, 14, 12, 13, 11], (19, 16): [19, 15, 7, 16]}
311: {(1, 19): [1, 5, 8, 15, 19], (19, 11): [19, 17, 14, 12, 13, 11], (19, 16): [19, 15, 7, 16]}
312: {(1, 19): [1, 5, 8, 15, 19], (19, 11): [19, 17, 14, 12, 13, 11], (19, 16): [19, 15, 7, 16]}
313: {(1, 19): [1, 5, 8, 15, 19], (19, 11): [19, 17, 14, 12, 13, 11], (19, 16): [19, 15, 7, 16]}
314: {(1, 19): [1, 5, 8, 15, 19], (19, 11): [19, 17, 14, 12, 13, 11], (19, 16): [19, 15, 7, 16]}
315: {(1, 19): [1, 5, 8, 15, 19], (19, 11): [19, 17, 14, 12, 13, 11], (19, 16): [19, 15, 7, 16]}
316: {(1, 19): [1, 5, 8, 15, 19], (19, 11): [19, 17, 14, 12, 13, 11], (19, 16): [19, 15, 7, 16]}
317: {(1, 19): [1, 5, 8, 15, 19], (19, 11): [19, 17, 14, 12, 13, 11], (19, 16): [19, 15, 7, 16]}
318: {(1, 19): [1, 5, 8, 15, 19], (19, 11): [19, 17, 14, 12, 13, 11], (19, 16): [19, 15, 7, 16]}
319: {(1, 19): [1, 5, 8, 15, 19], (19, 11): [19, 17, 14, 12, 13, 11], (19, 16): [19, 15, 7, 16]}
320: {(1, 19): [1, 5, 8, 15, 19], (19, 11): [19, 17, 14, 12, 13, 11], (19, 16): [19, 15, 7, 16]}
321: {(1, 19): [1, 5, 8, 15, 19], (19, 11): [19, 17, 14, 12, 13, 11], (19, 16): [19, 15, 7, 16]}
322: {(1, 19): [1, 5, 8, 15, 19], (19, 11): [19, 17, 14, 12, 13, 11], (19, 16): [19, 15, 7, 16]}
323: {(1, 19): [1, 5, 8, 15, 19], (19, 11): [19, 17, 14, 12, 13, 11], (19, 16): [19, 15, 7, 16]}
324: {(1, 19): [1, 5, 8, 15, 19], (19, 11): [19, 17, 14, 12, 13, 11], (19, 16): [19, 15, 7, 16]}
325: {(1, 19): [1, 5, 8, 15, 19], (19, 11): [19, 17, 14, 12, 13, 11], (19, 16): [19, 15, 7, 16]}
326: {(1, 19): [1, 5, 8, 15, 19], (19, 11): [19, 17, 14, 12, 13, 11], (19, 16): [19, 15, 7, 16]}
327: {(1, 19): [1, 5, 8, 15, 19], (19, 11): [19, 17, 14, 12, 13, 11], (19, 16): [19, 15, 7, 16]}
328: {(1, 19): [1, 5, 8, 15, 19], (19, 11): [19, 17, 14, 12, 13, 11], (19, 16): [19, 15, 7, 16]}
329: {(1, 19): [1, 5, 8, 15, 19], (19, 11): [19, 17, 14, 12, 13, 11], (19, 16): [19, 15, 7, 16]}
330: {(1, 19): [1, 5, 8, 15, 19], (19, 11): [19, 17, 14, 12, 13, 11], (19, 16): [19, 15, 7, 16]}
331: {(1, 19): [1, 5, 8, 15, 19], (19, 11): [19, 17, 14, 12, 13, 11], (19, 16): [19, 15, 7, 16]}
332: {(1, 19): [1, 5, 8, 15, 19], (19, 11): [19, 17, 14, 12, 13, 11], (19, 16): [19, 15, 7, 16]}
333: {(1, 19): [1, 5, 8, 15, 19], (19, 11): [19, 17, 14, 12, 13, 11], (19, 16): [19, 15, 7, 16]}
334: {(1, 19): [1, 5, 8, 15, 19], (19, 11): [19, 17, 14, 12, 13, 11], (19, 16): [19, 15, 7, 16]}
335: {(1, 19): [1, 5, 8, 15, 19], (19, 11): [19, 17, 14, 12, 13, 11], (19, 16): [19, 15, 7, 16]}
336: {(1, 19): [1, 5, 8, 15, 19], (19, 11): [19, 17, 14, 12, 13, 11], (19, 16): [19, 15, 7, 16]}
337: {(1, 19): [1, 5, 8, 15, 19], (19, 11): [19, 17, 14, 12, 13, 11], (19, 16): [19, 15, 7, 16]}
338: {(1, 19): [1, 5, 8, 15, 19], (19, 11): [19, 17, 14, 12, 13, 11], (19, 16): [19, 15, 7, 16]}
339: {(1, 19): [1, 5, 8, 15, 19], (19, 11): [19, 17, 14, 12, 13, 11], (19, 16): [19, 15, 7, 16]}
340: {(1, 19): [1, 5, 8, 15, 19], (19, 11): [19, 17, 14, 12, 13, 11], (19, 16): [19, 15, 7, 16]}
341: {(1, 19): [1, 5, 8, 15, 19], (19, 11): [19, 17, 14, 12, 13, 11], (19, 16): [19, 15, 7, 16]}
342: {(1, 19): [1, 5, 8, 15, 19], (19, 11): [19, 17, 14, 12, 13, 11], (19, 16): [19, 15, 7, 16]}
343: {(1, 19): [1, 5, 8, 15, 19], (19, 11): [19, 17, 14, 12, 13, 11], (19, 16): [19, 15, 7, 16]}
344: {(1, 19): [1, 5, 8, 15, 19], (19, 11): [19, 17, 14, 12, 13, 11], (19, 16): [19, 15, 7, 16]}
345: {(1, 19): [1, 5, 8, 15, 19], (19, 11): [19, 17, 14, 12, 13, 11], (19, 16): [19, 15, 7, 16]}
346: {(1, 19): [1, 5, 8, 15, 19], (19, 11): [19, 17, 14, 12, 13, 11], (19, 16): [19, 15, 7, 16]}
347: {(1, 19): [1, 5, 8, 15, 19], (19, 11): [19, 17, 14, 12, 13, 11], (19, 16): [19, 15, 7, 16]}
348: {(1, 19): [1, 5, 8, 15, 19], (19, 11): [19, 17, 14, 12, 13, 11], (19, 16): [19, 15, 7, 16]}
349: {(1, 19): [1, 5, 8, 15, 19], (19, 11): [19, 17, 14, 12, 13, 11], (19, 16): [19, 15, 7, 16]}
350: {(1, 19): [1, 5, 8, 15, 19], (19, 11): [19, 17, 14, 12, 13, 11], (19, 16): [19, 15, 7, 16]}
351: {(1, 19): [1, 5, 8, 15, 19], (19, 11): [19, 17, 14, 12, 13, 11], (19, 16): [19, 15, 7, 16]}
352: {(1, 19): [1, 5, 8, 15, 19], (19, 11): [19, 17, 14, 12, 13, 11], (19, 16): [19, 15, 7, 16]}
353: {(1, 19): [1, 5, 8, 15, 19], (19, 11): [19, 17, 14, 12, 13, 11], (19, 16): [19, 15, 7, 16]}
354: {(1, 19): [1, 5, 8, 15, 19], (19, 11): [19, 17, 14, 12, 13, 11], (19, 16): [19, 15, 7, 16]}
355: {(1, 19): [1, 5, 8, 15, 19], (19, 11): [19, 17, 14, 12, 13, 11], (19, 16): [19, 15, 7, 16]}
356: {(1, 19): [1, 5, 8, 15, 19], (19, 11): [19, 17, 14, 12, 13, 11], (19, 16): [19, 15, 7, 16]}
357: {(1, 19): [1, 5, 8, 15, 19], (19, 11): [19, 17, 14, 12, 13, 11], (19, 16): [19, 15, 7, 16]}
358: {(1, 19): [1, 5, 8, 15, 19], (19, 11): [19, 17, 14, 12, 13, 11], (19, 16): [19, 15, 7, 16]}
359: {(1, 19): [1, 5, 8, 15, 19], (19, 11): [19, 17, 14, 12, 13, 11], (19, 16): [19, 15, 7, 16]}
360: {(1, 19): [1, 5, 8, 15, 19], (19, 11): [19, 17, 14, 12, 13, 11], (19, 16): [19, 15, 7, 16]}
361: {(1, 19): [1, 5, 8, 15, 19], (19, 11): [19, 17, 14, 12, 13, 11], (19, 16): [19, 15, 7, 16]}
362: {(1, 19): [1, 5, 8, 15, 19], (19, 11): [19, 17, 14, 12, 13, 11], (19, 16): [19, 15, 7, 16]}
363: {(1, 19): [1, 5, 8, 15, 19], (19, 11): [19, 17, 14, 12, 13, 11], (19, 16): [19, 15, 7, 16]}
364: {(1, 19): [1, 5, 8, 15, 19], (19, 11): [19, 17, 14, 12, 13, 11], (19, 16): [19, 15, 7, 16]}
365: {(1, 19): [1, 5, 8, 15, 19], (19, 11): [19, 17, 14, 12, 13, 11], (19, 16): [19, 15, 7, 16]}
366: {(1, 19): [1, 5, 8, 15, 19], (19, 11): [19, 17, 14, 12, 13, 11], (19, 16): [19, 15, 7, 16]}
367: {(1, 19): [1, 5, 8, 15, 19], (19, 11): [19, 17, 14, 12, 13, 11], (19, 16): [19, 15, 7, 16]}
368: {(1, 19): [1, 5, 8, 15, 19], (19, 11): [19, 17, 14, 12, 13, 11], (19, 16): [19, 15, 7, 16]}
369: {(1, 19): [1, 5, 8, 15, 19], (19, 11): [19, 17, 14, 12, 13, 11], (19, 16): [19, 15, 7, 16]}
370: {(1, 19): [1, 5, 8, 15, 19], (19, 11): [19, 17, 14, 12, 13, 11], (19, 16): [19, 15, 7, 16]}
371: {(1, 19): [1, 5, 8, 15, 19], (19, 11): [19, 17, 14, 12, 13, 11], (19, 16): [19, 15, 7, 16]}
372: {(1, 19): [1, 5, 8, 15, 19], (19, 11): [19, 17, 14, 12, 13, 11], (19, 16): [19, 15, 7, 16]}
373: {(1, 19): [1, 5, 8, 15, 19], (19, 11): [19, 17, 14, 12, 13, 11], (19, 16): [19, 15, 7, 16]}
374: {(1, 19): [1, 5, 8, 15, 19], (19, 11): [19, 17, 14, 12, 13, 11], (19, 16): [19, 15, 7, 16]}
375: {(1, 19): [1, 5, 8, 15, 19], (19, 11): [19, 17, 14, 12, 13, 11], (19, 16): [19, 15, 7, 16]}
376: {(1, 19): [1, 5, 8, 15, 19], (19, 11): [19, 17, 14, 12, 13, 11], (19, 16): [19, 15, 7, 16]}
377: {(1, 19): [1, 5, 8, 15, 19], (19, 11): [19, 17, 14, 12, 13, 11], (19, 16): [19, 15, 7, 16]}
378: {(1, 19): [1, 5, 8, 15, 19], (19, 11): [19, 17, 14, 12, 13, 11], (19, 16): [19, 15, 7, 16]}
379: {(1, 19): [1, 5, 8, 15, 19], (19, 11): [19, 17, 14, 12, 13, 11], (19, 16): [19, 15, 7, 16]}
380: {(1, 19): [1, 5, 8, 15, 19], (19, 11): [19, 17, 14, 12, 13, 11], (19, 16): [19, 15, 7, 16]}
381: {(1, 19): [1, 5, 8, 15, 19], (19, 11): [19, 17, 14, 12, 13, 11], (19, 16): [19, 15, 7, 16]}
382: {(1, 19): [1, 5, 8, 15, 19], (19, 11): [19, 17, 14, 12, 13, 11], (19, 16): [19, 15, 7, 16]}
383: {(1, 19): [1, 5, 8, 15, 19], (19, 11): [19, 17, 14, 12, 13, 11], (19, 16): [19, 15, 7, 16]}
384: {(1, 19): [1, 5, 8, 15, 19], (19, 11): [19, 17, 14, 12, 13, 11], (19, 16): [19, 15, 7, 16]}
385: {(1, 19): [1, 5, 8, 15, 19], (19, 11): [19, 17, 14, 12, 13, 11], (19, 16): [19, 15, 7, 16]}
386: {(1, 19): [1, 5, 8, 15, 19], (19, 11): [19, 17, 14, 12, 13, 11], (19, 16): [19, 15, 7, 16]}
387: {(1, 19): [1, 5, 8, 15, 19], (19, 11): [19, 17, 14, 12, 13, 11], (19, 16): [19, 15, 7, 16]}
388: {(1, 19): [1, 5, 8, 15, 19], (19, 11): [19, 17, 14, 12, 13, 11], (19, 16): [19, 15, 7, 16]}
389: {(1, 19): [1, 5, 8, 15, 19], (19, 11): [19, 17, 14, 12, 13, 11], (19, 16): [19, 15, 7, 16]}
390: {(1, 19): [1, 5, 8, 15, 19], (19, 11): [19, 17, 14, 12, 13, 11], (19, 16): [19, 15, 7, 16]}
391: {(1, 19): [1, 5, 8, 15, 19], (19, 11): [19, 17, 14, 12, 13, 11], (19, 16): [19, 15, 7, 16]}
392: {(1, 19): [1, 5, 8, 15, 19], (19, 11): [19, 17, 14, 12, 13, 11], (19, 16): [19, 15, 7, 16]}
393: {(1, 19): [1, 5, 8, 15, 19], (19, 11): [19, 17, 14, 12, 13, 11], (19, 16): [19, 15, 7, 16]}
394: {(1, 19): [1, 5, 8, 15, 19], (19, 11): [19, 17, 14, 12, 13, 11], (19, 16): [19, 15, 7, 16]}
395: {(1, 19): [1, 5, 8, 15, 19], (19, 11): [19, 17, 14, 12, 13, 11], (19, 16): [19, 15, 7, 16]}
396: {(1, 19): [1, 5, 8, 15, 19], (19, 11): [19, 17, 14, 12, 13, 11], (19, 16): [19, 15, 7, 16]}
397: {(1, 19): [1, 5, 8, 15, 19], (19, 11): [19, 17, 14, 12, 13, 11], (19, 16): [19, 15, 7, 16]}
398: {(1, 19): [1, 5, 8, 15, 19], (19, 11): [19, 17, 14, 12, 13, 11], (19, 16): [19, 15, 7, 16]}
399: {(1, 19): [1, 5, 8, 15, 19], (19, 11): [19, 17, 14, 12, 13, 11], (19, 16): [19, 15, 7, 16]}
400: {(1, 19): [1, 5, 8, 15, 19], (19, 11): [19, 17, 14, 12, 13, 11], (19, 16): [19, 15, 7, 16]}
401: {(1, 19): [1, 5, 8, 15, 19], (19, 11): [19, 17, 14, 12, 13, 11], (19, 16): [19, 15, 7, 16]}
402: {(1, 19): [1, 5, 8, 15, 19], (19, 11): [19, 17, 14, 12, 13, 11], (19, 16): [19, 15, 7, 16]}
403: {(1, 19): [1, 5, 8, 15, 19], (19, 11): [19, 17, 14, 12, 13, 11], (19, 16): [19, 15, 7, 16]}
404: {(1, 19): [1, 5, 8, 15, 19], (19, 11): [19, 17, 14, 12, 13, 11], (19, 16): [19, 15, 7, 16]}
405: {(1, 19): [1, 5, 8, 15, 19], (19, 11): [19, 17, 14, 12, 13, 11], (19, 16): [19, 15, 7, 16]}
406: {(1, 19): [1, 5, 8, 15, 19], (19, 11): [19, 17, 14, 12, 13, 11], (19, 16): [19, 15, 7, 16]}
407: {(1, 19): [1, 5, 8, 15, 19], (19, 11): [19, 17, 14, 12, 13, 11], (19, 16): [19, 15, 7, 16]}
408: {(1, 19): [1, 5, 8, 15, 19], (19, 11): [19, 17, 14, 12, 13, 11], (19, 16): [19, 15, 7, 16]}
409: {(1, 19): [1, 5, 8, 15, 19], (19, 11): [19, 17, 14, 12, 13, 11], (19, 16): [19, 15, 7, 16]}
410: {(1, 19): [1, 5, 8, 15, 19], (19, 11): [19, 17, 14, 12, 13, 11], (19, 16): [19, 15, 7, 16]}
411: {(1, 19): [1, 5, 8, 15, 19], (19, 11): [19, 17, 14, 12, 13, 11], (19, 16): [19, 15, 7, 16]}
412: {(1, 19): [1, 5, 8, 15, 19], (19, 11): [19, 17, 14, 12, 13, 11], (19, 16): [19, 15, 7, 16]}
413: {(1, 19): [1, 5, 8, 15, 19], (19, 11): [19, 17, 14, 12, 13, 11], (19, 16): [19, 15, 7, 16]}
414: {(1, 19): [1, 5, 8, 15, 19], (19, 11): [19, 17, 14, 12, 13, 11], (19, 16): [19, 15, 7, 16]}
415: {(1, 19): [1, 5, 8, 15, 19], (19, 11): [19, 17, 14, 12, 13, 11], (19, 16): [19, 15, 7, 16]}
416: {(1, 19): [1, 5, 8, 15, 19], (19, 11): [19, 17, 14, 12, 13, 11], (19, 16): [19, 15, 7, 16]}
417: {(1, 19): [1, 5, 8, 15, 19], (19, 11): [19, 17, 14, 12, 13, 11], (19, 16): [19, 15, 7, 16]}
418: {(1, 19): [1, 5, 8, 15, 19], (19, 11): [19, 17, 14, 12, 13, 11], (19, 16): [19, 15, 7, 16]}
419: {(1, 19): [1, 5, 8, 15, 19], (19, 11): [19, 17, 14, 12, 13, 11], (19, 16): [19, 15, 7, 16]}
420: {(1, 19): [1, 5, 8, 15, 19], (19, 11): [19, 17, 14, 12, 13, 11], (19, 16): [19, 15, 7, 16]}
421: {(1, 19): [1, 5, 8, 15, 19], (19, 11): [19, 17, 14, 12, 13, 11], (19, 16): [19, 15, 7, 16]}
422: {(1, 19): [1, 5, 8, 15, 19], (19, 11): [19, 17, 14, 12, 13, 11], (19, 16): [19, 15, 7, 16]}
423: {(1, 19): [1, 5, 8, 15, 19], (19, 11): [19, 17, 14, 12, 13, 11], (19, 16): [19, 15, 7, 16]}
424: {(1, 19): [1, 5, 8, 15, 19], (19, 11): [19, 17, 14, 12, 13, 11], (19, 16): [19, 15, 7, 16]}
425: {(1, 19): [1, 5, 8, 15, 19], (19, 11): [19, 17, 14, 12, 13, 11], (19, 16): [19, 15, 7, 16]}
426: {(1, 19): [1, 5, 8, 15, 19], (19, 11): [19, 17, 14, 12, 13, 11], (19, 16): [19, 15, 7, 16]}
427: {(1, 19): [1, 5, 8, 15, 19], (19, 11): [19, 17, 14, 12, 13, 11], (19, 16): [19, 15, 7, 16]}
428: {(1, 19): [1, 5, 8, 15, 19], (19, 11): [19, 17, 14, 12, 13, 11], (19, 16): [19, 15, 7, 16]}
429: {(1, 19): [1, 5, 8, 15, 19], (19, 11): [19, 17, 14, 12, 13, 11], (19, 16): [19, 15, 7, 16]}
430: {(1, 19): [1, 5, 8, 15, 19], (19, 11): [19, 17, 14, 12, 13, 11], (19, 16): [19, 15, 7, 16]}
431: {(1, 19): [1, 5, 8, 15, 19], (19, 11): [19, 17, 14, 12, 13, 11], (19, 16): [19, 15, 7, 16]}
432: {(1, 19): [1, 5, 8, 15, 19], (19, 11): [19, 17, 14, 12, 13, 11], (19, 16): [19, 15, 7, 16]}
433: {(1, 19): [1, 5, 8, 15, 19], (19, 11): [19, 17, 14, 12, 13, 11], (19, 16): [19, 15, 7, 16]}
434: {(1, 19): [1, 5, 8, 15, 19], (19, 11): [19, 17, 14, 12, 13, 11], (19, 16): [19, 15, 7, 16]}
435: {(1, 19): [1, 5, 8, 15, 19], (19, 11): [19, 17, 14, 12, 13, 11], (19, 16): [19, 15, 7, 16]}
436: {(1, 19): [1, 5, 8, 15, 19], (19, 11): [19, 17, 14, 12, 13, 11], (19, 16): [19, 15, 7, 16]}
437: {(1, 19): [1, 5, 8, 15, 19], (19, 11): [19, 17, 14, 12, 13, 11], (19, 16): [19, 15, 7, 16]}
438: {(1, 19): [1, 5, 8, 15, 19], (19, 11): [19, 17, 14, 12, 13, 11], (19, 16): [19, 15, 7, 16]}
439: {(1, 19): [1, 5, 8, 15, 19], (19, 11): [19, 17, 14, 12, 13, 11], (19, 16): [19, 15, 7, 16]}
440: {(1, 19): [1, 5, 8, 15, 19], (19, 11): [19, 17, 14, 12, 13, 11], (19, 16): [19, 15, 7, 16]}
441: {(1, 19): [1, 5, 8, 15, 19], (19, 11): [19, 17, 14, 12, 13, 11], (19, 16): [19, 15, 7, 16]}
442: {(1, 19): [1, 5, 8, 15, 19], (19, 11): [19, 17, 14, 12, 13, 11], (19, 16): [19, 15, 7, 16]}
443: {(1, 19): [1, 5, 8, 15, 19], (19, 11): [19, 17, 14, 12, 13, 11], (19, 16): [19, 15, 7, 16]}
444: {(1, 19): [1, 5, 8, 15, 19], (19, 11): [19, 17, 14, 12, 13, 11], (19, 16): [19, 15, 7, 16]}
445: {(1, 19): [1, 5, 8, 15, 19], (19, 11): [19, 17, 14, 12, 13, 11], (19, 16): [19, 15, 7, 16]}
446: {(1, 19): [1, 5, 8, 15, 19], (19, 11): [19, 17, 14, 12, 13, 11], (19, 16): [19, 15, 7, 16]}
447: {(1, 19): [1, 5, 8, 15, 19], (19, 11): [19, 17, 14, 12, 13, 11], (19, 16): [19, 15, 7, 16]}
448: {(1, 19): [1, 5, 8, 15, 19], (19, 11): [19, 17, 14, 12, 13, 11], (19, 16): [19, 15, 7, 16]}
449: {(1, 19): [1, 5, 8, 15, 19], (19, 11): [19, 17, 14, 12, 13, 11], (19, 16): [19, 15, 7, 16]}
450: {(1, 19): [1, 5, 8, 15, 19], (19, 11): [19, 17, 14, 12, 13, 11], (19, 16): [19, 15, 7, 16]}
451: {(1, 19): [1, 5, 8, 15, 19], (19, 11): [19, 17, 14, 12, 13, 11], (19, 16): [19, 15, 7, 16]}
452: {(1, 19): [1, 5, 8, 15, 19], (19, 11): [19, 17, 14, 12, 13, 11], (19, 16): [19, 15, 7, 16]}
453: {(1, 19): [1, 5, 8, 15, 19], (19, 11): [19, 17, 14, 12, 13, 11], (19, 16): [19, 15, 7, 16]}
454: {(1, 19): [1, 5, 8, 15, 19], (19, 11): [19, 17, 14, 12, 13, 11], (19, 16): [19, 15, 7, 16]}
455: {(1, 19): [1, 5, 8, 15, 19], (19, 11): [19, 17, 14, 12, 13, 11], (19, 16): [19, 15, 7, 16]}
456: {(1, 19): [1, 5, 8, 15, 19], (19, 11): [19, 17, 14, 12, 13, 11], (19, 16): [19, 15, 7, 16]}
457: {(1, 19): [1, 5, 8, 15, 19], (19, 11): [19, 17, 14, 12, 13, 11], (19, 16): [19, 15, 7, 16]}
458: {(1, 19): [1, 5, 8, 15, 19], (19, 11): [19, 17, 14, 12, 13, 11], (19, 16): [19, 15, 7, 16]}
459: {(1, 19): [1, 5, 8, 15, 19], (19, 11): [19, 17, 14, 12, 13, 11], (19, 16): [19, 15, 7, 16]}
460: {(1, 19): [1, 5, 8, 15, 19], (19, 11): [19, 17, 14, 12, 13, 11], (19, 16): [19, 15, 7, 16]}
461: {(1, 19): [1, 5, 8, 15, 19], (19, 11): [19, 17, 14, 12, 13, 11], (19, 16): [19, 15, 7, 16]}
462: {(1, 19): [1, 5, 8, 15, 19], (19, 11): [19, 17, 14, 12, 13, 11], (19, 16): [19, 15, 7, 16]}
463: {(1, 19): [1, 5, 8, 15, 19], (19, 11): [19, 17, 14, 12, 13, 11], (19, 16): [19, 15, 7, 16]}
464: {(1, 19): [1, 5, 8, 15, 19], (19, 11): [19, 17, 14, 12, 13, 11], (19, 16): [19, 15, 7, 16]}
465: {(1, 19): [1, 5, 8, 15, 19], (19, 11): [19, 17, 14, 12, 13, 11], (19, 16): [19, 15, 7, 16]}
466: {(1, 19): [1, 5, 8, 15, 19], (19, 11): [19, 17, 14, 12, 13, 11], (19, 16): [19, 15, 7, 16]}
467: {(1, 19): [1, 5, 8, 15, 19], (19, 11): [19, 17, 14, 12, 13, 11], (19, 16): [19, 15, 7, 16]}
468: {(1, 19): [1, 5, 8, 15, 19], (19, 11): [19, 17, 14, 12, 13, 11], (19, 16): [19, 15, 7, 16]}
469: {(1, 19): [1, 5, 8, 15, 19], (19, 11): [19, 17, 14, 12, 13, 11], (19, 16): [19, 15, 7, 16]}
470: {(1, 19): [1, 5, 8, 15, 19], (19, 11): [19, 17, 14, 12, 13, 11], (19, 16): [19, 15, 7, 16]}
471: {(1, 19): [1, 5, 8, 15, 19], (19, 11): [19, 17, 14, 12, 13, 11], (19, 16): [19, 15, 7, 16]}
472: {(1, 19): [1, 5, 8, 15, 19], (19, 11): [19, 17, 14, 12, 13, 11], (19, 16): [19, 15, 7, 16]}
473: {(1, 19): [1, 5, 8, 15, 19], (19, 11): [19, 17, 14, 12, 13, 11], (19, 16): [19, 15, 7, 16]}
474: {(1, 19): [1, 5, 8, 15, 19], (19, 11): [19, 17, 14, 12, 13, 11], (19, 16): [19, 15, 7, 16]}
475: {(1, 19): [1, 5, 8, 15, 19], (19, 11): [19, 17, 14, 12, 13, 11], (19, 16): [19, 15, 7, 16]}
476: {(1, 19): [1, 5, 8, 15, 19], (19, 11): [19, 17, 14, 12, 13, 11], (19, 16): [19, 15, 7, 16]}
477: {(1, 19): [1, 5, 8, 15, 19], (19, 11): [19, 17, 14, 12, 13, 11], (19, 16): [19, 15, 7, 16]}
478: {(1, 19): [1, 5, 8, 15, 19], (19, 11): [19, 17, 14, 12, 13, 11], (19, 16): [19, 15, 7, 16]}
479: {(1, 19): [1, 5, 8, 15, 19], (19, 11): [19, 17, 14, 12, 13, 11], (19, 16): [19, 15, 7, 16]}
480: {(1, 19): [1, 5, 8, 15, 19], (19, 11): [19, 17, 14, 12, 13, 11], (19, 16): [19, 15, 7, 16]}
481: {(1, 19): [1, 5, 8, 15, 19], (19, 11): [19, 17, 14, 12, 13, 11], (19, 16): [19, 15, 7, 16]}
482: {(1, 19): [1, 5, 8, 15, 19], (19, 11): [19, 17, 14, 12, 13, 11], (19, 16): [19, 15, 7, 16]}
483: {(1, 19): [1, 5, 8, 15, 19], (19, 11): [19, 17, 14, 12, 13, 11], (19, 16): [19, 15, 7, 16]}
484: {(1, 19): [1, 5, 8, 15, 19], (19, 11): [19, 17, 14, 12, 13, 11], (19, 16): [19, 15, 7, 16]}
485: {(1, 19): [1, 5, 8, 15, 19], (19, 11): [19, 17, 14, 12, 13, 11], (19, 16): [19, 15, 7, 16]}
486: {(1, 19): [1, 5, 8, 15, 19], (19, 11): [19, 17, 14, 12, 13, 11], (19, 16): [19, 15, 7, 16]}
487: {(1, 19): [1, 5, 8, 15, 19], (19, 11): [19, 17, 14, 12, 13, 11], (19, 16): [19, 15, 7, 16]}
488: {(1, 19): [1, 5, 8, 15, 19], (19, 11): [19, 17, 14, 12, 13, 11], (19, 16): [19, 15, 7, 16]}
489: {(1, 19): [1, 5, 8, 15, 19], (19, 11): [19, 17, 14, 12, 13, 11], (19, 16): [19, 15, 7, 16]}
490: {(1, 19): [1, 5, 8, 15, 19], (19, 11): [19, 17, 14, 12, 13, 11], (19, 16): [19, 15, 7, 16]}
491: {(1, 19): [1, 5, 8, 15, 19], (19, 11): [19, 17, 14, 12, 13, 11], (19, 16): [19, 15, 7, 16]}
492: {(1, 19): [1, 5, 8, 15, 19], (19, 11): [19, 17, 14, 12, 13, 11], (19, 16): [19, 15, 7, 16]}
493: {(1, 19): [1, 5, 8, 15, 19], (19, 11): [19, 17, 14, 12, 13, 11], (19, 16): [19, 15, 7, 16]}
494: {(1, 19): [1, 5, 8, 15, 19], (19, 11): [19, 17, 14, 12, 13, 11], (19, 16): [19, 15, 7, 16]}
495: {(1, 19): [1, 5, 8, 15, 19], (19, 11): [19, 17, 14, 12, 13, 11], (19, 16): [19, 15, 7, 16]}
496: {(1, 19): [1, 5, 8, 15, 19], (19, 11): [19, 17, 14, 12, 13, 11], (19, 16): [19, 15, 7, 16]}
497: {(1, 19): [1, 5, 8, 15, 19], (19, 11): [19, 17, 14, 12, 13, 11], (19, 16): [19, 15, 7, 16]}
498: {(1, 19): [1, 5, 8, 15, 19], (19, 11): [19, 17, 14, 12, 13, 11], (19, 16): [19, 15, 7, 16]}
499: {(1, 19): [1, 5, 8, 15, 19], (19, 11): [19, 17, 14, 12, 13, 11], (19, 16): [19, 15, 7, 16]}
500: {(1, 19): [1, 5, 8, 15, 19], (19, 11): [19, 17, 14, 12, 13, 11], (19, 16): [19, 15, 7, 16]}
501: {(1, 19): [1, 5, 8, 15, 19], (19, 11): [19, 17, 14, 12, 13, 11], (19, 16): [19, 15, 7, 16]}
502: {(1, 19): [1, 5, 8, 15, 19], (19, 11): [19, 17, 14, 12, 13, 11], (19, 16): [19, 15, 7, 16]}
503: {(1, 19): [1, 5, 8, 15, 19], (19, 11): [19, 17, 14, 12, 13, 11], (19, 16): [19, 15, 7, 16]}
504: {(1, 19): [1, 5, 8, 15, 19], (19, 11): [19, 17, 14, 12, 13, 11], (19, 16): [19, 15, 7, 16]}
505: {(1, 19): [1, 5, 8, 15, 19], (19, 11): [19, 17, 14, 12, 13, 11], (19, 16): [19, 15, 7, 16]}
506: {(1, 19): [1, 5, 8, 15, 19], (19, 11): [19, 17, 14, 12, 13, 11], (19, 16): [19, 15, 7, 16]}
507: {(1, 19): [1, 5, 8, 15, 19], (19, 11): [19, 17, 14, 12, 13, 11], (19, 16): [19, 15, 7, 16]}
508: {(1, 19): [1, 5, 8, 15, 19], (19, 11): [19, 17, 14, 12, 13, 11], (19, 16): [19, 15, 7, 16]}
509: {(1, 19): [1, 5, 8, 15, 19], (19, 11): [19, 17, 14, 12, 13, 11], (19, 16): [19, 15, 7, 16]}
510: {(1, 19): [1, 5, 8, 15, 19], (19, 11): [19, 17, 14, 12, 13, 11], (19, 16): [19, 15, 7, 16]}
511: {(1, 19): [1, 5, 8, 15, 19], (19, 11): [19, 17, 14, 12, 13, 11], (19, 16): [19, 15, 7, 16]}
512: {(1, 19): [1, 5, 8, 15, 19], (19, 11): [19, 17, 14, 12, 13, 11], (19, 16): [19, 15, 7, 16]}
513: {(1, 19): [1, 5, 8, 15, 19], (19, 11): [19, 17, 14, 12, 13, 11], (19, 16): [19, 15, 7, 16]}
514: {(1, 19): [1, 5, 8, 15, 19], (19, 11): [19, 17, 14, 12, 13, 11], (19, 16): [19, 15, 7, 16]}
515: {(1, 19): [1, 5, 8, 15, 19], (19, 11): [19, 17, 14, 12, 13, 11], (19, 16): [19, 15, 7, 16]}
516: {(1, 19): [1, 5, 8, 15, 19], (19, 11): [19, 17, 14, 12, 13, 11], (19, 16): [19, 15, 7, 16]}
517: {(1, 19): [1, 5, 8, 15, 19], (19, 11): [19, 17, 14, 12, 13, 11], (19, 16): [19, 15, 7, 16]}
518: {(1, 19): [1, 5, 8, 15, 19], (19, 11): [19, 17, 14, 12, 13, 11], (19, 16): [19, 15, 7, 16]}
519: {(1, 19): [1, 5, 8, 15, 19], (19, 11): [19, 17, 14, 12, 13, 11], (19, 16): [19, 15, 7, 16]}
520: {(1, 19): [1, 5, 8, 15, 19], (19, 11): [19, 17, 14, 12, 13, 11], (19, 16): [19, 15, 7, 16]}
521: {(1, 19): [1, 5, 8, 15, 19], (19, 11): [19, 17, 14, 12, 13, 11], (19, 16): [19, 15, 7, 16]}
522: {(1, 19): [1, 5, 8, 15, 19], (19, 11): [19, 17, 14, 12, 13, 11], (19, 16): [19, 15, 7, 16]}
523: {(1, 19): [1, 5, 8, 15, 19], (19, 11): [19, 17, 14, 12, 13, 11], (19, 16): [19, 15, 7, 16]}
524: {(1, 19): [1, 5, 8, 15, 19], (19, 11): [19, 17, 14, 12, 13, 11], (19, 16): [19, 15, 7, 16]}
525: {(1, 19): [1, 5, 8, 15, 19], (19, 11): [19, 17, 14, 12, 13, 11], (19, 16): [19, 15, 7, 16]}
526: {(1, 19): [1, 5, 8, 15, 19], (19, 11): [19, 17, 14, 12, 13, 11], (19, 16): [19, 15, 7, 16]}
527: {(1, 19): [1, 5, 8, 15, 19], (19, 11): [19, 17, 14, 12, 13, 11], (19, 16): [19, 15, 7, 16]}
528: {(1, 19): [1, 5, 8, 15, 19], (19, 11): [19, 17, 14, 12, 13, 11], (19, 16): [19, 15, 7, 16]}
529: {(1, 19): [1, 5, 8, 15, 19], (19, 11): [19, 17, 14, 12, 13, 11], (19, 16): [19, 15, 7, 16]}
530: {(1, 19): [1, 5, 8, 15, 19], (19, 11): [19, 17, 14, 12, 13, 11], (19, 16): [19, 15, 7, 16]}
531: {(1, 19): [1, 5, 8, 15, 19], (19, 11): [19, 17, 14, 12, 13, 11], (19, 16): [19, 15, 7, 16]}
532: {(1, 19): [1, 5, 8, 15, 19], (19, 11): [19, 17, 14, 12, 13, 11], (19, 16): [19, 15, 7, 16]}
533: {(1, 19): [1, 5, 8, 15, 19], (19, 11): [19, 17, 14, 12, 13, 11], (19, 16): [19, 15, 7, 16]}
534: {(1, 19): [1, 5, 8, 15, 19], (19, 11): [19, 17, 14, 12, 13, 11], (19, 16): [19, 15, 7, 16]}
535: {(1, 19): [1, 5, 8, 15, 19], (19, 11): [19, 17, 14, 12, 13, 11], (19, 16): [19, 15, 7, 16]}
536: {(1, 19): [1, 5, 8, 15, 19], (19, 11): [19, 17, 14, 12, 13, 11], (19, 16): [19, 15, 7, 16]}
537: {(1, 19): [1, 5, 8, 15, 19], (19, 11): [19, 17, 14, 12, 13, 11], (19, 16): [19, 15, 7, 16]}
538: {(1, 19): [1, 5, 8, 15, 19], (19, 11): [19, 17, 14, 12, 13, 11], (19, 16): [19, 15, 7, 16]}
539: {(1, 19): [1, 5, 8, 15, 19], (19, 11): [19, 17, 14, 12, 13, 11], (19, 16): [19, 15, 7, 16]}
540: {(1, 19): [1, 5, 8, 15, 19], (19, 11): [19, 17, 14, 12, 13, 11], (19, 16): [19, 15, 7, 16]}
541: {(1, 19): [1, 5, 8, 15, 19], (19, 11): [19, 17, 14, 12, 13, 11], (19, 16): [19, 15, 7, 16]}
542: {(1, 19): [1, 5, 8, 15, 19], (19, 11): [19, 17, 14, 12, 13, 11], (19, 16): [19, 15, 7, 16]}
543: {(1, 19): [1, 5, 8, 15, 19], (19, 11): [19, 17, 14, 12, 13, 11], (19, 16): [19, 15, 7, 16]}
544: {(1, 19): [1, 5, 8, 15, 19], (19, 11): [19, 17, 14, 12, 13, 11], (19, 16): [19, 15, 7, 16]}
545: {(1, 19): [1, 5, 8, 15, 19], (19, 11): [19, 17, 14, 12, 13, 11], (19, 16): [19, 15, 7, 16]}
546: {(1, 19): [1, 5, 8, 15, 19], (19, 11): [19, 17, 14, 12, 13, 11], (19, 16): [19, 15, 7, 16]}
547: {(1, 19): [1, 5, 8, 15, 19], (19, 11): [19, 17, 14, 12, 13, 11], (19, 16): [19, 15, 7, 16]}
548: {(1, 19): [1, 5, 8, 15, 19], (19, 11): [19, 17, 14, 12, 13, 11], (19, 16): [19, 15, 7, 16]}
549: {(1, 19): [1, 5, 8, 15, 19], (19, 11): [19, 17, 14, 12, 13, 11], (19, 16): [19, 15, 7, 16]}
550: {(1, 19): [1, 5, 8, 15, 19], (19, 11): [19, 17, 14, 12, 13, 11], (19, 16): [19, 15, 7, 16]}
551: {(1, 19): [1, 5, 8, 15, 19], (19, 11): [19, 17, 14, 12, 13, 11], (19, 16): [19, 15, 7, 16]}
552: {(1, 19): [1, 5, 8, 15, 19], (19, 11): [19, 17, 14, 12, 13, 11], (19, 16): [19, 15, 7, 16]}
553: {(1, 19): [1, 5, 8, 15, 19], (19, 11): [19, 17, 14, 12, 13, 11], (19, 16): [19, 15, 7, 16]}
554: {(1, 19): [1, 5, 8, 15, 19], (19, 11): [19, 17, 14, 12, 13, 11], (19, 16): [19, 15, 7, 16]}
555: {(1, 19): [1, 5, 8, 15, 19], (19, 11): [19, 17, 14, 12, 13, 11], (19, 16): [19, 15, 7, 16]}
556: {(1, 19): [1, 5, 8, 15, 19], (19, 11): [19, 17, 14, 12, 13, 11], (19, 16): [19, 15, 7, 16]}
557: {(1, 19): [1, 5, 8, 15, 19], (19, 11): [19, 17, 14, 12, 13, 11], (19, 16): [19, 15, 7, 16]}
558: {(1, 19): [1, 5, 8, 15, 19], (19, 11): [19, 17, 14, 12, 13, 11], (19, 16): [19, 15, 7, 16]}
559: {(1, 19): [1, 5, 8, 15, 19], (19, 11): [19, 17, 14, 12, 13, 11], (19, 16): [19, 15, 7, 16]}
560: {(1, 19): [1, 5, 8, 15, 19], (19, 11): [19, 17, 14, 12, 13, 11], (19, 16): [19, 15, 7, 16]}
561: {(1, 19): [1, 5, 8, 15, 19], (19, 11): [19, 17, 14, 12, 13, 11], (19, 16): [19, 15, 7, 16]}
562: {(1, 19): [1, 5, 8, 15, 19], (19, 11): [19, 17, 14, 12, 13, 11], (19, 16): [19, 15, 7, 16]}
563: {(1, 19): [1, 5, 8, 15, 19], (19, 11): [19, 17, 14, 12, 13, 11], (19, 16): [19, 15, 7, 16]}
564: {(1, 19): [1, 5, 8, 15, 19], (19, 11): [19, 17, 14, 12, 13, 11], (19, 16): [19, 15, 7, 16]}
565: {(1, 19): [1, 5, 8, 15, 19], (19, 11): [19, 17, 14, 12, 13, 11], (19, 16): [19, 15, 7, 16]}
566: {(1, 19): [1, 5, 8, 15, 19], (19, 11): [19, 17, 14, 12, 13, 11], (19, 16): [19, 15, 7, 16]}
567: {(1, 19): [1, 5, 8, 15, 19], (19, 11): [19, 17, 14, 12, 13, 11], (19, 16): [19, 15, 7, 16]}
568: {(1, 19): [1, 5, 8, 15, 19], (19, 11): [19, 17, 14, 12, 13, 11], (19, 16): [19, 15, 7, 16]}
569: {(1, 19): [1, 5, 8, 15, 19], (19, 11): [19, 17, 14, 12, 13, 11], (19, 16): [19, 15, 7, 16]}
570: {(1, 19): [1, 5, 8, 15, 19], (19, 11): [19, 17, 14, 12, 13, 11], (19, 16): [19, 15, 7, 16]}
571: {(1, 19): [1, 5, 8, 15, 19], (19, 11): [19, 17, 14, 12, 13, 11], (19, 16): [19, 15, 7, 16]}
572: {(1, 19): [1, 5, 8, 15, 19], (19, 11): [19, 17, 14, 12, 13, 11], (19, 16): [19, 15, 7, 16]}
573: {(1, 19): [1, 5, 8, 15, 19], (19, 11): [19, 17, 14, 12, 13, 11], (19, 16): [19, 15, 7, 16]}
574: {(1, 19): [1, 5, 8, 15, 19], (19, 11): [19, 17, 14, 12, 13, 11], (19, 16): [19, 15, 7, 16]}
575: {(1, 19): [1, 5, 8, 15, 19], (19, 11): [19, 17, 14, 12, 13, 11], (19, 16): [19, 15, 7, 16]}
576: {(1, 19): [1, 5, 8, 15, 19], (19, 11): [19, 17, 14, 12, 13, 11], (19, 16): [19, 15, 7, 16]}
577: {(1, 19): [1, 5, 8, 15, 19], (19, 11): [19, 17, 14, 12, 13, 11], (19, 16): [19, 15, 7, 16]}
578: {(1, 19): [1, 5, 8, 15, 19], (19, 11): [19, 17, 14, 12, 13, 11], (19, 16): [19, 15, 7, 16]}
579: {(1, 19): [1, 5, 8, 15, 19], (19, 11): [19, 17, 14, 12, 13, 11], (19, 16): [19, 15, 7, 16]}
580: {(1, 19): [1, 5, 8, 15, 19], (19, 11): [19, 17, 14, 12, 13, 11], (19, 16): [19, 15, 7, 16]}
581: {(1, 19): [1, 5, 8, 15, 19], (19, 11): [19, 17, 14, 12, 13, 11], (19, 16): [19, 15, 7, 16]}
582: {(1, 19): [1, 5, 8, 15, 19], (19, 11): [19, 17, 14, 12, 13, 11], (19, 16): [19, 15, 7, 16]}
583: {(1, 19): [1, 5, 8, 15, 19], (19, 11): [19, 17, 14, 12, 13, 11], (19, 16): [19, 15, 7, 16]}
584: {(1, 19): [1, 5, 8, 15, 19], (19, 11): [19, 17, 14, 12, 13, 11], (19, 16): [19, 15, 7, 16]}
585: {(1, 19): [1, 5, 8, 15, 19], (19, 11): [19, 17, 14, 12, 13, 11], (19, 16): [19, 15, 7, 16]}
586: {(1, 19): [1, 5, 8, 15, 19], (19, 11): [19, 17, 14, 12, 13, 11], (19, 16): [19, 15, 7, 16]}
587: {(1, 19): [1, 5, 8, 15, 19], (19, 11): [19, 17, 14, 12, 13, 11], (19, 16): [19, 15, 7, 16]}
588: {(1, 19): [1, 5, 8, 15, 19], (19, 11): [19, 17, 14, 12, 13, 11], (19, 16): [19, 15, 7, 16]}
589: {(1, 19): [1, 5, 8, 15, 19], (19, 11): [19, 17, 14, 12, 13, 11], (19, 16): [19, 15, 7, 16]}
590: {(1, 19): [1, 5, 8, 15, 19], (19, 11): [19, 17, 14, 12, 13, 11], (19, 16): [19, 15, 7, 16]}
591: {(1, 19): [1, 5, 8, 15, 19], (19, 11): [19, 17, 14, 12, 13, 11], (19, 16): [19, 15, 7, 16]}
592: {(1, 19): [1, 5, 8, 15, 19], (19, 11): [19, 17, 14, 12, 13, 11], (19, 16): [19, 15, 7, 16]}
593: {(1, 19): [1, 5, 8, 15, 19], (19, 11): [19, 17, 14, 12, 13, 11], (19, 16): [19, 15, 7, 16]}
594: {(1, 19): [1, 5, 8, 15, 19], (19, 11): [19, 17, 14, 12, 13, 11], (19, 16): [19, 15, 7, 16]}
595: {(1, 19): [1, 5, 8, 15, 19], (19, 11): [19, 17, 14, 12, 13, 11], (19, 16): [19, 15, 7, 16]}
596: {(1, 19): [1, 5, 8, 15, 19], (19, 11): [19, 17, 14, 12, 13, 11], (19, 16): [19, 15, 7, 16]}
597: {(1, 19): [1, 5, 8, 15, 19], (19, 11): [19, 17, 14, 12, 13, 11], (19, 16): [19, 15, 7, 16]}
598: {(1, 19): [1, 5, 8, 15, 19], (19, 11): [19, 17, 14, 12, 13, 11], (19, 16): [19, 15, 7, 16]}
599: {(1, 19): [1, 5, 8, 15, 19], (19, 11): [19, 17, 14, 12, 13, 11], (19, 16): [19, 15, 7, 16]}
600: {(1, 19): [1, 5, 8, 15, 19], (19, 11): [19, 17, 14, 12, 13, 11], (19, 16): [19, 15, 7, 16]}
601: {(1, 19): [1, 5, 8, 15, 19], (19, 11): [19, 17, 14, 12, 13, 11], (19, 16): [19, 15, 7, 16]}
602: {(1, 19): [1, 5, 8, 15, 19], (19, 11): [19, 17, 14, 12, 13, 11], (19, 16): [19, 15, 7, 16]}
603: {(1, 19): [1, 5, 8, 15, 19], (19, 11): [19, 17, 14, 12, 13, 11], (19, 16): [19, 15, 7, 16]}
604: {(1, 19): [1, 5, 8, 15, 19], (19, 11): [19, 17, 14, 12, 13, 11], (19, 16): [19, 15, 7, 16]}
605: {(1, 19): [1, 5, 8, 15, 19], (19, 11): [19, 17, 14, 12, 13, 11], (19, 16): [19, 15, 7, 16]}
606: {(1, 19): [1, 5, 8, 15, 19], (19, 11): [19, 17, 14, 12, 13, 11], (19, 16): [19, 15, 7, 16]}
607: {(1, 19): [1, 5, 8, 15, 19], (19, 11): [19, 17, 14, 12, 13, 11], (19, 16): [19, 15, 7, 16]}
608: {(1, 19): [1, 5, 8, 15, 19], (19, 11): [19, 17, 14, 12, 13, 11], (19, 16): [19, 15, 7, 16]}
609: {(1, 19): [1, 5, 8, 15, 19], (19, 11): [19, 17, 14, 12, 13, 11], (19, 16): [19, 15, 7, 16]}
610: {(1, 19): [1, 5, 8, 15, 19], (19, 11): [19, 17, 14, 12, 13, 11], (19, 16): [19, 15, 7, 16]}
611: {(1, 19): [1, 5, 8, 15, 19], (19, 11): [19, 17, 14, 12, 13, 11], (19, 16): [19, 15, 7, 16]}
612: {(1, 19): [1, 5, 8, 15, 19], (19, 11): [19, 17, 14, 12, 13, 11], (19, 16): [19, 15, 7, 16]}
613: {(1, 19): [1, 5, 8, 15, 19], (19, 11): [19, 17, 14, 12, 13, 11], (19, 16): [19, 15, 7, 16]}
614: {(1, 19): [1, 5, 8, 15, 19], (19, 11): [19, 17, 14, 12, 13, 11], (19, 16): [19, 15, 7, 16]}
615: {(1, 19): [1, 5, 8, 15, 19], (19, 11): [19, 17, 14, 12, 13, 11], (19, 16): [19, 15, 7, 16]}
616: {(1, 19): [1, 5, 8, 15, 19], (19, 11): [19, 17, 14, 12, 13, 11], (19, 16): [19, 15, 7, 16]}
617: {(1, 19): [1, 5, 8, 15, 19], (19, 11): [19, 17, 14, 12, 13, 11], (19, 16): [19, 15, 7, 16]}
618: {(1, 19): [1, 5, 8, 15, 19], (19, 11): [19, 17, 14, 12, 13, 11], (19, 16): [19, 15, 7, 16]}
619: {(1, 19): [1, 5, 8, 15, 19], (19, 11): [19, 17, 14, 12, 13, 11], (19, 16): [19, 15, 7, 16]}
620: {(1, 19): [1, 5, 8, 15, 19], (19, 11): [19, 17, 14, 12, 13, 11], (19, 16): [19, 15, 7, 16]}
621: {(1, 19): [1, 5, 8, 15, 19], (19, 11): [19, 17, 14, 12, 13, 11], (19, 16): [19, 15, 7, 16]}
622: {(1, 19): [1, 5, 8, 15, 19], (19, 11): [19, 17, 14, 12, 13, 11], (19, 16): [19, 15, 7, 16]}
623: {(1, 19): [1, 5, 8, 15, 19], (19, 11): [19, 17, 14, 12, 13, 11], (19, 16): [19, 15, 7, 16]}
624: {(1, 19): [1, 5, 8, 15, 19], (19, 11): [19, 17, 14, 12, 13, 11], (19, 16): [19, 15, 7, 16]}
625: {(1, 19): [1, 5, 8, 15, 19], (19, 11): [19, 17, 14, 12, 13, 11], (19, 16): [19, 15, 7, 16]}
626: {(1, 19): [1, 5, 8, 15, 19], (19, 11): [19, 17, 14, 12, 13, 11], (19, 16): [19, 15, 7, 16]}
627: {(1, 19): [1, 5, 8, 15, 19], (19, 11): [19, 17, 14, 12, 13, 11], (19, 16): [19, 15, 7, 16]}
628: {(1, 19): [1, 5, 8, 15, 19], (19, 11): [19, 17, 14, 12, 13, 11], (19, 16): [19, 15, 7, 16]}
629: {(1, 19): [1, 5, 8, 15, 19], (19, 11): [19, 17, 14, 12, 13, 11], (19, 16): [19, 15, 7, 16]}
630: {(1, 19): [1, 5, 8, 15, 19], (19, 11): [19, 17, 14, 12, 13, 11], (19, 16): [19, 15, 7, 16]}
631: {(1, 19): [1, 5, 8, 15, 19], (19, 11): [19, 17, 14, 12, 13, 11], (19, 16): [19, 15, 7, 16]}
632: {(1, 19): [1, 5, 8, 15, 19], (19, 11): [19, 17, 14, 12, 13, 11], (19, 16): [19, 15, 7, 16]}
633: {(1, 19): [1, 5, 8, 15, 19], (19, 11): [19, 17, 14, 12, 13, 11], (19, 16): [19, 15, 7, 16]}
634: {(1, 19): [1, 5, 8, 15, 19], (19, 11): [19, 17, 14, 12, 13, 11], (19, 16): [19, 15, 7, 16]}
635: {(1, 19): [1, 5, 8, 15, 19], (19, 11): [19, 17, 14, 12, 13, 11], (19, 16): [19, 15, 7, 16]}
636: {(1, 19): [1, 5, 8, 15, 19], (19, 11): [19, 17, 14, 12, 13, 11], (19, 16): [19, 15, 7, 16]}
637: {(1, 19): [1, 5, 8, 15, 19], (19, 11): [19, 17, 14, 12, 13, 11], (19, 16): [19, 15, 7, 16]}
638: {(1, 19): [1, 5, 8, 15, 19], (19, 11): [19, 17, 14, 12, 13, 11], (19, 16): [19, 15, 7, 16]}
639: {(1, 19): [1, 5, 8, 15, 19], (19, 11): [19, 17, 14, 12, 13, 11], (19, 16): [19, 15, 7, 16]}
640: {(1, 19): [1, 5, 8, 15, 19], (19, 11): [19, 17, 14, 12, 13, 11], (19, 16): [19, 15, 7, 16]}
641: {(1, 19): [1, 5, 8, 15, 19], (19, 11): [19, 17, 14, 12, 13, 11], (19, 16): [19, 15, 7, 16]}
642: {(1, 19): [1, 5, 8, 15, 19], (19, 11): [19, 17, 14, 12, 13, 11], (19, 16): [19, 15, 7, 16]}
643: {(1, 19): [1, 5, 8, 15, 19], (19, 11): [19, 17, 14, 12, 13, 11], (19, 16): [19, 15, 7, 16]}
644: {(1, 19): [1, 5, 8, 15, 19], (19, 11): [19, 17, 14, 12, 13, 11], (19, 16): [19, 15, 7, 16]}
645: {(1, 19): [1, 5, 8, 15, 19], (19, 11): [19, 17, 14, 12, 13, 11], (19, 16): [19, 15, 7, 16]}
646: {(1, 19): [1, 5, 8, 15, 19], (19, 11): [19, 17, 14, 12, 13, 11], (19, 16): [19, 15, 7, 16]}
647: {(1, 19): [1, 5, 8, 15, 19], (19, 11): [19, 17, 14, 12, 13, 11], (19, 16): [19, 15, 7, 16]}
648: {(1, 19): [1, 5, 8, 15, 19], (19, 11): [19, 17, 14, 12, 13, 11], (19, 16): [19, 15, 7, 16]}
649: {(1, 19): [1, 5, 8, 15, 19], (19, 11): [19, 17, 14, 12, 13, 11], (19, 16): [19, 15, 7, 16]}
650: {(1, 19): [1, 5, 8, 15, 19], (19, 11): [19, 17, 14, 12, 13, 11], (19, 16): [19, 15, 7, 16]}
651: {(1, 19): [1, 5, 8, 15, 19], (19, 11): [19, 17, 14, 12, 13, 11], (19, 16): [19, 15, 7, 16]}
652: {(1, 19): [1, 5, 8, 15, 19], (19, 11): [19, 17, 14, 12, 13, 11], (19, 16): [19, 15, 7, 16]}
653: {(1, 19): [1, 5, 8, 15, 19], (19, 11): [19, 17, 14, 12, 13, 11], (19, 16): [19, 15, 7, 16]}
654: {(1, 19): [1, 5, 8, 15, 19], (19, 11): [19, 17, 14, 12, 13, 11], (19, 16): [19, 15, 7, 16]}
655: {(1, 19): [1, 5, 8, 15, 19], (19, 11): [19, 17, 14, 12, 13, 11], (19, 16): [19, 15, 7, 16]}
656: {(1, 19): [1, 5, 8, 15, 19], (19, 11): [19, 17, 14, 12, 13, 11], (19, 16): [19, 15, 7, 16]}
657: {(1, 19): [1, 5, 8, 15, 19], (19, 11): [19, 17, 14, 12, 13, 11], (19, 16): [19, 15, 7, 16]}
658: {(1, 19): [1, 5, 8, 15, 19], (19, 11): [19, 17, 14, 12, 13, 11], (19, 16): [19, 15, 7, 16]}
659: {(1, 19): [1, 5, 8, 15, 19], (19, 11): [19, 17, 14, 12, 13, 11], (19, 16): [19, 15, 7, 16]}
660: {(1, 19): [1, 5, 8, 15, 19], (19, 11): [19, 17, 14, 12, 13, 11], (19, 16): [19, 15, 7, 16]}
661: {(1, 19): [1, 5, 8, 15, 19], (19, 11): [19, 17, 14, 12, 13, 11], (19, 16): [19, 15, 7, 16]}
662: {(1, 19): [1, 5, 8, 15, 19], (19, 11): [19, 17, 14, 12, 13, 11], (19, 16): [19, 15, 7, 16]}
663: {(1, 19): [1, 5, 8, 15, 19], (19, 11): [19, 17, 14, 12, 13, 11], (19, 16): [19, 15, 7, 16]}
664: {(1, 19): [1, 5, 8, 15, 19], (19, 11): [19, 17, 14, 12, 13, 11], (19, 16): [19, 15, 7, 16]}
665: {(1, 19): [1, 5, 8, 15, 19], (19, 11): [19, 17, 14, 12, 13, 11], (19, 16): [19, 15, 7, 16]}
666: {(1, 19): [1, 5, 8, 15, 19], (19, 11): [19, 17, 14, 12, 13, 11], (19, 16): [19, 15, 7, 16]}
667: {(1, 19): [1, 5, 8, 15, 19], (19, 11): [19, 17, 14, 12, 13, 11], (19, 16): [19, 15, 7, 16]}
668: {(1, 19): [1, 5, 8, 15, 19], (19, 11): [19, 17, 14, 12, 13, 11], (19, 16): [19, 15, 7, 16]}
669: {(1, 19): [1, 5, 8, 15, 19], (19, 11): [19, 17, 14, 12, 13, 11], (19, 16): [19, 15, 7, 16]}
670: {(1, 19): [1, 5, 8, 15, 19], (19, 11): [19, 17, 14, 12, 13, 11], (19, 16): [19, 15, 7, 16]}
671: {(1, 19): [1, 5, 8, 15, 19], (19, 11): [19, 17, 14, 12, 13, 11], (19, 16): [19, 15, 7, 16]}
672: {(1, 19): [1, 5, 8, 15, 19], (19, 11): [19, 17, 14, 12, 13, 11], (19, 16): [19, 15, 7, 16]}
673: {(1, 19): [1, 5, 8, 15, 19], (19, 11): [19, 17, 14, 12, 13, 11], (19, 16): [19, 15, 7, 16]}
674: {(1, 19): [1, 5, 8, 15, 19], (19, 11): [19, 17, 14, 12, 13, 11], (19, 16): [19, 15, 7, 16]}
675: {(1, 19): [1, 5, 8, 15, 19], (19, 11): [19, 17, 14, 12, 13, 11], (19, 16): [19, 15, 7, 16]}
676: {(1, 19): [1, 5, 8, 15, 19], (19, 11): [19, 17, 14, 12, 13, 11], (19, 16): [19, 15, 7, 16]}
677: {(1, 19): [1, 5, 8, 15, 19], (19, 11): [19, 17, 14, 12, 13, 11], (19, 16): [19, 15, 7, 16]}
678: {(1, 19): [1, 5, 8, 15, 19], (19, 11): [19, 17, 14, 12, 13, 11], (19, 16): [19, 15, 7, 16]}
679: {(1, 19): [1, 5, 8, 15, 19], (19, 11): [19, 17, 14, 12, 13, 11], (19, 16): [19, 15, 7, 16]}
680: {(1, 19): [1, 5, 8, 15, 19], (19, 11): [19, 17, 14, 12, 13, 11], (19, 16): [19, 15, 7, 16]}
681: {(1, 19): [1, 5, 8, 15, 19], (19, 11): [19, 17, 14, 12, 13, 11], (19, 16): [19, 15, 7, 16]}
682: {(1, 19): [1, 5, 8, 15, 19], (19, 11): [19, 17, 14, 12, 13, 11], (19, 16): [19, 15, 7, 16]}
683: {(1, 19): [1, 5, 8, 15, 19], (19, 11): [19, 17, 14, 12, 13, 11], (19, 16): [19, 15, 7, 16]}
684: {(1, 19): [1, 5, 8, 15, 19], (19, 11): [19, 17, 14, 12, 13, 11], (19, 16): [19, 15, 7, 16]}
685: {(1, 19): [1, 5, 8, 15, 19], (19, 11): [19, 17, 14, 12, 13, 11], (19, 16): [19, 15, 7, 16]}
686: {(1, 19): [1, 5, 8, 15, 19], (19, 11): [19, 17, 14, 12, 13, 11], (19, 16): [19, 15, 7, 16]}
687: {(1, 19): [1, 5, 8, 15, 19], (19, 11): [19, 17, 14, 12, 13, 11], (19, 16): [19, 15, 7, 16]}
688: {(1, 19): [1, 5, 8, 15, 19], (19, 11): [19, 17, 14, 12, 13, 11], (19, 16): [19, 15, 7, 16]}
689: {(1, 19): [1, 5, 8, 15, 19], (19, 11): [19, 17, 14, 12, 13, 11], (19, 16): [19, 15, 7, 16]}
690: {(1, 19): [1, 5, 8, 15, 19], (19, 11): [19, 17, 14, 12, 13, 11], (19, 16): [19, 15, 7, 16]}
691: {(1, 19): [1, 5, 8, 15, 19], (19, 11): [19, 17, 14, 12, 13, 11], (19, 16): [19, 15, 7, 16]}
692: {(1, 19): [1, 5, 8, 15, 19], (19, 11): [19, 17, 14, 12, 13, 11], (19, 16): [19, 15, 7, 16]}
693: {(1, 19): [1, 5, 8, 15, 19], (19, 11): [19, 17, 14, 12, 13, 11], (19, 16): [19, 15, 7, 16]}
694: {(1, 19): [1, 5, 8, 15, 19], (19, 11): [19, 17, 14, 12, 13, 11], (19, 16): [19, 15, 7, 16]}
695: {(1, 19): [1, 5, 8, 15, 19], (19, 11): [19, 17, 14, 12, 13, 11], (19, 16): [19, 15, 7, 16]}
696: {(1, 19): [1, 5, 8, 15, 19], (19, 11): [19, 17, 14, 12, 13, 11], (19, 16): [19, 15, 7, 16]}
697: {(1, 19): [1, 5, 8, 15, 19], (19, 11): [19, 17, 14, 12, 13, 11], (19, 16): [19, 15, 7, 16]}
698: {(1, 19): [1, 5, 8, 15, 19], (19, 11): [19, 17, 14, 12, 13, 11], (19, 16): [19, 15, 7, 16]}
699: {(1, 19): [1, 5, 8, 15, 19], (19, 11): [19, 17, 14, 12, 13, 11], (19, 16): [19, 15, 7, 16]}
700: {(1, 19): [1, 5, 8, 15, 19], (19, 11): [19, 17, 14, 12, 13, 11], (19, 16): [19, 15, 7, 16]}
701: {(1, 19): [1, 5, 8, 15, 19], (19, 11): [19, 17, 14, 12, 13, 11], (19, 16): [19, 15, 7, 16]}
702: {(1, 19): [1, 5, 8, 15, 19], (19, 11): [19, 17, 14, 12, 13, 11], (19, 16): [19, 15, 7, 16]}
703: {(1, 19): [1, 5, 8, 15, 19], (19, 11): [19, 17, 14, 12, 13, 11], (19, 16): [19, 15, 7, 16]}
704: {(1, 19): [1, 5, 8, 15, 19], (19, 11): [19, 17, 14, 12, 13, 11], (19, 16): [19, 15, 7, 16]}
705: {(1, 19): [1, 5, 8, 15, 19], (19, 11): [19, 17, 14, 12, 13, 11], (19, 16): [19, 15, 7, 16]}
706: {(1, 19): [1, 5, 8, 15, 19], (19, 11): [19, 17, 14, 12, 13, 11], (19, 16): [19, 15, 7, 16]}
707: {(1, 19): [1, 5, 8, 15, 19], (19, 11): [19, 17, 14, 12, 13, 11], (19, 16): [19, 15, 7, 16]}
708: {(1, 19): [1, 5, 8, 15, 19], (19, 11): [19, 17, 14, 12, 13, 11], (19, 16): [19, 15, 7, 16]}
709: {(1, 19): [1, 5, 8, 15, 19], (19, 11): [19, 17, 14, 12, 13, 11], (19, 16): [19, 15, 7, 16]}
710: {(1, 19): [1, 5, 8, 15, 19], (19, 11): [19, 17, 14, 12, 13, 11], (19, 16): [19, 15, 7, 16]}
711: {(1, 19): [1, 5, 8, 15, 19], (19, 11): [19, 17, 14, 12, 13, 11], (19, 16): [19, 15, 7, 16]}
712: {(1, 19): [1, 5, 8, 15, 19], (19, 11): [19, 17, 14, 12, 13, 11], (19, 16): [19, 15, 7, 16]}
713: {(1, 19): [1, 5, 8, 15, 19], (19, 11): [19, 17, 14, 12, 13, 11], (19, 16): [19, 15, 7, 16]}
714: {(1, 19): [1, 5, 8, 15, 19], (19, 11): [19, 17, 14, 12, 13, 11], (19, 16): [19, 15, 7, 16]}
715: {(1, 19): [1, 5, 8, 15, 19], (19, 11): [19, 17, 14, 12, 13, 11], (19, 16): [19, 15, 7, 16]}
716: {(1, 19): [1, 5, 8, 15, 19], (19, 11): [19, 17, 14, 12, 13, 11], (19, 16): [19, 15, 7, 16]}
717: {(1, 19): [1, 5, 8, 15, 19], (19, 11): [19, 17, 14, 12, 13, 11], (19, 16): [19, 15, 7, 16]}
718: {(1, 19): [1, 5, 8, 15, 19], (19, 11): [19, 17, 14, 12, 13, 11], (19, 16): [19, 15, 7, 16]}
719: {(1, 19): [1, 5, 8, 15, 19], (19, 11): [19, 17, 14, 12, 13, 11], (19, 16): [19, 15, 7, 16]}
720: {(1, 19): [1, 5, 8, 15, 19], (19, 11): [19, 17, 14, 12, 13, 11], (19, 16): [19, 15, 7, 16]}
721: {(1, 19): [1, 5, 8, 15, 19], (19, 11): [19, 17, 14, 12, 13, 11], (19, 16): [19, 15, 7, 16]}
722: {(1, 19): [1, 5, 8, 15, 19], (19, 11): [19, 17, 14, 12, 13, 11], (19, 16): [19, 15, 7, 16]}
723: {(1, 19): [1, 5, 8, 15, 19], (19, 11): [19, 17, 14, 12, 13, 11], (19, 16): [19, 15, 7, 16]}
724: {(1, 19): [1, 5, 8, 15, 19], (19, 11): [19, 17, 14, 12, 13, 11], (19, 16): [19, 15, 7, 16]}
725: {(1, 19): [1, 5, 8, 15, 19], (19, 11): [19, 17, 14, 12, 13, 11], (19, 16): [19, 15, 7, 16]}
726: {(1, 19): [1, 5, 8, 15, 19], (19, 11): [19, 17, 14, 12, 13, 11], (19, 16): [19, 15, 7, 16]}
727: {(1, 19): [1, 5, 8, 15, 19], (19, 11): [19, 17, 14, 12, 13, 11], (19, 16): [19, 15, 7, 16]}
728: {(1, 19): [1, 5, 8, 15, 19], (19, 11): [19, 17, 14, 12, 13, 11], (19, 16): [19, 15, 7, 16]}
729: {(1, 19): [1, 5, 8, 15, 19], (19, 11): [19, 17, 14, 12, 13, 11], (19, 16): [19, 15, 7, 16]}
730: {(1, 19): [1, 5, 8, 15, 19], (19, 11): [19, 17, 14, 12, 13, 11], (19, 16): [19, 15, 7, 16]}
731: {(1, 19): [1, 5, 8, 15, 19], (19, 11): [19, 17, 14, 12, 13, 11], (19, 16): [19, 15, 7, 16]}
732: {(1, 19): [1, 5, 8, 15, 19], (19, 11): [19, 17, 14, 12, 13, 11], (19, 16): [19, 15, 7, 16]}
733: {(1, 19): [1, 5, 8, 15, 19], (19, 11): [19, 17, 14, 12, 13, 11], (19, 16): [19, 15, 7, 16]}
734: {(1, 19): [1, 5, 8, 15, 19], (19, 11): [19, 17, 14, 12, 13, 11], (19, 16): [19, 15, 7, 16]}
735: {(1, 19): [1, 5, 8, 15, 19], (19, 11): [19, 17, 14, 12, 13, 11], (19, 16): [19, 15, 7, 16]}
736: {(1, 19): [1, 5, 8, 15, 19], (19, 11): [19, 17, 14, 12, 13, 11], (19, 16): [19, 15, 7, 16]}
737: {(1, 19): [1, 5, 8, 15, 19], (19, 11): [19, 17, 14, 12, 13, 11], (19, 16): [19, 15, 7, 16]}
738: {(1, 19): [1, 5, 8, 15, 19], (19, 11): [19, 17, 14, 12, 13, 11], (19, 16): [19, 15, 7, 16]}
739: {(1, 19): [1, 5, 8, 15, 19], (19, 11): [19, 17, 14, 12, 13, 11], (19, 16): [19, 15, 7, 16]}
740: {(1, 19): [1, 5, 8, 15, 19], (19, 11): [19, 17, 14, 12, 13, 11], (19, 16): [19, 15, 7, 16]}
741: {(1, 19): [1, 5, 8, 15, 19], (19, 11): [19, 17, 14, 12, 13, 11], (19, 16): [19, 15, 7, 16]}
742: {(1, 19): [1, 5, 8, 15, 19], (19, 11): [19, 17, 14, 12, 13, 11], (19, 16): [19, 15, 7, 16]}
743: {(1, 19): [1, 5, 8, 15, 19], (19, 11): [19, 17, 14, 12, 13, 11], (19, 16): [19, 15, 7, 16]}
744: {(1, 19): [1, 5, 8, 15, 19], (19, 11): [19, 17, 14, 12, 13, 11], (19, 16): [19, 15, 7, 16]}
745: {(1, 19): [1, 5, 8, 15, 19], (19, 11): [19, 17, 14, 12, 13, 11], (19, 16): [19, 15, 7, 16]}
746: {(1, 19): [1, 5, 8, 15, 19], (19, 11): [19, 17, 14, 12, 13, 11], (19, 16): [19, 15, 7, 16]}
747: {(1, 19): [1, 5, 8, 15, 19], (19, 11): [19, 17, 14, 12, 13, 11], (19, 16): [19, 15, 7, 16]}
748: {(1, 19): [1, 5, 8, 15, 19], (19, 11): [19, 17, 14, 12, 13, 11], (19, 16): [19, 15, 7, 16]}
749: {(1, 19): [1, 5, 8, 15, 19], (19, 11): [19, 17, 14, 12, 13, 11], (19, 16): [19, 15, 7, 16]}
750: {(1, 19): [1, 5, 8, 15, 19], (19, 11): [19, 17, 14, 12, 13, 11], (19, 16): [19, 15, 7, 16]}
751: {(1, 19): [1, 5, 8, 15, 19], (19, 11): [19, 17, 14, 12, 13, 11], (19, 16): [19, 15, 7, 16]}
752: {(1, 19): [1, 5, 8, 15, 19], (19, 11): [19, 17, 14, 12, 13, 11], (19, 16): [19, 15, 7, 16]}
753: {(1, 19): [1, 5, 8, 15, 19], (19, 11): [19, 17, 14, 12, 13, 11], (19, 16): [19, 15, 7, 16]}
754: {(1, 19): [1, 5, 8, 15, 19], (19, 11): [19, 17, 14, 12, 13, 11], (19, 16): [19, 15, 7, 16]}
755: {(1, 19): [1, 5, 8, 15, 19], (19, 11): [19, 17, 14, 12, 13, 11], (19, 16): [19, 15, 7, 16]}
756: {(1, 19): [1, 5, 8, 15, 19], (19, 11): [19, 17, 14, 12, 13, 11], (19, 16): [19, 15, 7, 16]}
757: {(1, 19): [1, 5, 8, 15, 19], (19, 11): [19, 17, 14, 12, 13, 11], (19, 16): [19, 15, 7, 16]}
758: {(1, 19): [1, 5, 8, 15, 19], (19, 11): [19, 17, 14, 12, 13, 11], (19, 16): [19, 15, 7, 16]}
759: {(1, 19): [1, 5, 8, 15, 19], (19, 11): [19, 17, 14, 12, 13, 11], (19, 16): [19, 15, 7, 16]}
760: {(1, 19): [1, 5, 8, 15, 19], (19, 11): [19, 17, 14, 12, 13, 11], (19, 16): [19, 15, 7, 16]}
761: {(1, 19): [1, 5, 8, 15, 19], (19, 11): [19, 17, 14, 12, 13, 11], (19, 16): [19, 15, 7, 16]}
762: {(1, 19): [1, 5, 8, 15, 19], (19, 11): [19, 17, 14, 12, 13, 11], (19, 16): [19, 15, 7, 16]}
763: {(1, 19): [1, 5, 8, 15, 19], (19, 11): [19, 17, 14, 12, 13, 11], (19, 16): [19, 15, 7, 16]}
764: {(1, 19): [1, 5, 8, 15, 19], (19, 11): [19, 17, 14, 12, 13, 11], (19, 16): [19, 15, 7, 16]}
765: {(1, 19): [1, 5, 8, 15, 19], (19, 11): [19, 17, 14, 12, 13, 11], (19, 16): [19, 15, 7, 16]}
766: {(1, 19): [1, 5, 8, 15, 19], (19, 11): [19, 17, 14, 12, 13, 11], (19, 16): [19, 15, 7, 16]}
767: {(1, 19): [1, 5, 8, 15, 19], (19, 11): [19, 17, 14, 12, 13, 11], (19, 16): [19, 15, 7, 16]}
768: {(1, 19): [1, 5, 8, 15, 19], (19, 11): [19, 17, 14, 12, 13, 11], (19, 16): [19, 15, 7, 16]}
769: {(1, 19): [1, 5, 8, 15, 19], (19, 11): [19, 17, 14, 12, 13, 11], (19, 16): [19, 15, 7, 16]}
770: {(1, 19): [1, 5, 8, 15, 19], (19, 11): [19, 17, 14, 12, 13, 11], (19, 16): [19, 15, 7, 16]}
771: {(1, 19): [1, 5, 8, 15, 19], (19, 11): [19, 17, 14, 12, 13, 11], (19, 16): [19, 15, 7, 16]}
772: {(1, 19): [1, 5, 8, 15, 19], (19, 11): [19, 17, 14, 12, 13, 11], (19, 16): [19, 15, 7, 16]}
773: {(1, 19): [1, 5, 8, 15, 19], (19, 11): [19, 17, 14, 12, 13, 11], (19, 16): [19, 15, 7, 16]}
774: {(1, 19): [1, 5, 8, 15, 19], (19, 11): [19, 17, 14, 12, 13, 11], (19, 16): [19, 15, 7, 16]}
775: {(1, 19): [1, 5, 8, 15, 19], (19, 11): [19, 17, 14, 12, 13, 11], (19, 16): [19, 15, 7, 16]}
776: {(1, 19): [1, 5, 8, 15, 19], (19, 11): [19, 17, 14, 12, 13, 11], (19, 16): [19, 15, 7, 16]}
777: {(1, 19): [1, 5, 8, 15, 19], (19, 11): [19, 17, 14, 12, 13, 11], (19, 16): [19, 15, 7, 16]}
778: {(1, 19): [1, 5, 8, 15, 19], (19, 11): [19, 17, 14, 12, 13, 11], (19, 16): [19, 15, 7, 16]}
779: {(1, 19): [1, 5, 8, 15, 19], (19, 11): [19, 17, 14, 12, 13, 11], (19, 16): [19, 15, 7, 16]}
780: {(1, 19): [1, 5, 8, 15, 19], (19, 11): [19, 17, 14, 12, 13, 11], (19, 16): [19, 15, 7, 16]}
781: {(1, 19): [1, 5, 8, 15, 19], (19, 11): [19, 17, 14, 12, 13, 11], (19, 16): [19, 15, 7, 16]}
782: {(1, 19): [1, 5, 8, 15, 19], (19, 11): [19, 17, 14, 12, 13, 11], (19, 16): [19, 15, 7, 16]}
783: {(1, 19): [1, 5, 8, 15, 19], (19, 11): [19, 17, 14, 12, 13, 11], (19, 16): [19, 15, 7, 16]}
784: {(1, 19): [1, 5, 8, 15, 19], (19, 11): [19, 17, 14, 12, 13, 11], (19, 16): [19, 15, 7, 16]}
785: {(1, 19): [1, 5, 8, 15, 19], (19, 11): [19, 17, 14, 12, 13, 11], (19, 16): [19, 15, 7, 16]}
786: {(1, 19): [1, 5, 8, 15, 19], (19, 11): [19, 17, 14, 12, 13, 11], (19, 16): [19, 15, 7, 16]}
787: {(1, 19): [1, 5, 8, 15, 19], (19, 11): [19, 17, 14, 12, 13, 11], (19, 16): [19, 15, 7, 16]}
788: {(1, 19): [1, 5, 8, 15, 19], (19, 11): [19, 17, 14, 12, 13, 11], (19, 16): [19, 15, 7, 16]}
789: {(1, 19): [1, 5, 8, 15, 19], (19, 11): [19, 17, 14, 12, 13, 11], (19, 16): [19, 15, 7, 16]}
790: {(1, 19): [1, 5, 8, 15, 19], (19, 11): [19, 17, 14, 12, 13, 11], (19, 16): [19, 15, 7, 16]}
791: {(1, 19): [1, 5, 8, 15, 19], (19, 11): [19, 17, 14, 12, 13, 11], (19, 16): [19, 15, 7, 16]}
792: {(1, 19): [1, 5, 8, 15, 19], (19, 11): [19, 17, 14, 12, 13, 11], (19, 16): [19, 15, 7, 16]}
793: {(1, 19): [1, 5, 8, 15, 19], (19, 11): [19, 17, 14, 12, 13, 11], (19, 16): [19, 15, 7, 16]}
794: {(1, 19): [1, 5, 8, 15, 19], (19, 11): [19, 17, 14, 12, 13, 11], (19, 16): [19, 15, 7, 16]}
795: {(1, 19): [1, 5, 8, 15, 19], (19, 11): [19, 17, 14, 12, 13, 11], (19, 16): [19, 15, 7, 16]}
796: {(1, 19): [1, 5, 8, 15, 19], (19, 11): [19, 17, 14, 12, 13, 11], (19, 16): [19, 15, 7, 16]}
797: {(1, 19): [1, 5, 8, 15, 19], (19, 11): [19, 17, 14, 12, 13, 11], (19, 16): [19, 15, 7, 16]}
798: {(1, 19): [1, 5, 8, 15, 19], (19, 11): [19, 17, 14, 12, 13, 11], (19, 16): [19, 15, 7, 16]}
799: {(1, 19): [1, 5, 8, 15, 19], (19, 11): [19, 17, 14, 12, 13, 11], (19, 16): [19, 15, 7, 16]}
800: {(1, 19): [1, 5, 8, 15, 19], (19, 11): [19, 17, 14, 12, 13, 11], (19, 16): [19, 15, 7, 16]}
801: {(1, 19): [1, 5, 8, 15, 19], (19, 11): [19, 17, 14, 12, 13, 11], (19, 16): [19, 15, 7, 16]}
802: {(1, 19): [1, 5, 8, 15, 19], (19, 11): [19, 17, 14, 12, 13, 11], (19, 16): [19, 15, 7, 16]}
803: {(1, 19): [1, 5, 8, 15, 19], (19, 11): [19, 17, 14, 12, 13, 11], (19, 16): [19, 15, 7, 16]}
804: {(1, 19): [1, 5, 8, 15, 19], (19, 11): [19, 17, 14, 12, 13, 11], (19, 16): [19, 15, 7, 16]}
805: {(1, 19): [1, 5, 8, 15, 19], (19, 11): [19, 17, 14, 12, 13, 11], (19, 16): [19, 15, 7, 16]}
806: {(1, 19): [1, 5, 8, 15, 19], (19, 11): [19, 17, 14, 12, 13, 11], (19, 16): [19, 15, 7, 16]}
807: {(1, 19): [1, 5, 8, 15, 19], (19, 11): [19, 17, 14, 12, 13, 11], (19, 16): [19, 15, 7, 16]}
808: {(1, 19): [1, 5, 8, 15, 19], (19, 11): [19, 17, 14, 12, 13, 11], (19, 16): [19, 15, 7, 16]}
809: {(1, 19): [1, 5, 8, 15, 19], (19, 11): [19, 17, 14, 12, 13, 11], (19, 16): [19, 15, 7, 16]}
810: {(1, 19): [1, 5, 8, 15, 19], (19, 11): [19, 17, 14, 12, 13, 11], (19, 16): [19, 15, 7, 16]}
811: {(1, 19): [1, 5, 8, 15, 19], (19, 11): [19, 17, 14, 12, 13, 11], (19, 16): [19, 15, 7, 16]}
812: {(1, 19): [1, 5, 8, 15, 19], (19, 11): [19, 17, 14, 12, 13, 11], (19, 16): [19, 15, 7, 16]}
813: {(1, 19): [1, 5, 8, 15, 19], (19, 11): [19, 17, 14, 12, 13, 11], (19, 16): [19, 15, 7, 16]}
814: {(1, 19): [1, 5, 8, 15, 19], (19, 11): [19, 17, 14, 12, 13, 11], (19, 16): [19, 15, 7, 16]}
815: {(1, 19): [1, 5, 8, 15, 19], (19, 11): [19, 17, 14, 12, 13, 11], (19, 16): [19, 15, 7, 16]}
816: {(1, 19): [1, 5, 8, 15, 19], (19, 11): [19, 17, 14, 12, 13, 11], (19, 16): [19, 15, 7, 16]}
817: {(1, 19): [1, 5, 8, 15, 19], (19, 11): [19, 17, 14, 12, 13, 11], (19, 16): [19, 15, 7, 16]}
818: {(1, 19): [1, 5, 8, 15, 19], (19, 11): [19, 17, 14, 12, 13, 11], (19, 16): [19, 15, 7, 16]}
819: {(1, 19): [1, 5, 8, 15, 19], (19, 11): [19, 17, 14, 12, 13, 11], (19, 16): [19, 15, 7, 16]}
820: {(1, 19): [1, 5, 8, 15, 19], (19, 11): [19, 17, 14, 12, 13, 11], (19, 16): [19, 15, 7, 16]}
821: {(1, 19): [1, 5, 8, 15, 19], (19, 11): [19, 17, 14, 12, 13, 11], (19, 16): [19, 15, 7, 16]}
822: {(1, 19): [1, 5, 8, 15, 19], (19, 11): [19, 17, 14, 12, 13, 11], (19, 16): [19, 15, 7, 16]}
823: {(1, 19): [1, 5, 8, 15, 19], (19, 11): [19, 17, 14, 12, 13, 11], (19, 16): [19, 15, 7, 16]}
824: {(1, 19): [1, 5, 8, 15, 19], (19, 11): [19, 17, 14, 12, 13, 11], (19, 16): [19, 15, 7, 16]}
825: {(1, 19): [1, 5, 8, 15, 19], (19, 11): [19, 17, 14, 12, 13, 11], (19, 16): [19, 15, 7, 16]}
826: {(1, 19): [1, 5, 8, 15, 19], (19, 11): [19, 17, 14, 12, 13, 11], (19, 16): [19, 15, 7, 16]}
827: {(1, 19): [1, 5, 8, 15, 19], (19, 11): [19, 17, 14, 12, 13, 11], (19, 16): [19, 15, 7, 16]}
828: {(1, 19): [1, 5, 8, 15, 19], (19, 11): [19, 17, 14, 12, 13, 11], (19, 16): [19, 15, 7, 16]}
829: {(1, 19): [1, 5, 8, 15, 19], (19, 11): [19, 17, 14, 12, 13, 11], (19, 16): [19, 15, 7, 16]}
830: {(1, 19): [1, 5, 8, 15, 19], (19, 11): [19, 17, 14, 12, 13, 11], (19, 16): [19, 15, 7, 16]}
831: {(1, 19): [1, 5, 8, 15, 19], (19, 11): [19, 17, 14, 12, 13, 11], (19, 16): [19, 15, 7, 16]}
832: {(1, 19): [1, 5, 8, 15, 19], (19, 11): [19, 17, 14, 12, 13, 11], (19, 16): [19, 15, 7, 16]}
833: {(1, 19): [1, 5, 8, 15, 19], (19, 11): [19, 17, 14, 12, 13, 11], (19, 16): [19, 15, 7, 16]}
834: {(1, 19): [1, 5, 8, 15, 19], (19, 11): [19, 17, 14, 12, 13, 11], (19, 16): [19, 15, 7, 16]}
835: {(1, 19): [1, 5, 8, 15, 19], (19, 11): [19, 17, 14, 12, 13, 11], (19, 16): [19, 15, 7, 16]}
836: {(1, 19): [1, 5, 8, 15, 19], (19, 11): [19, 17, 14, 12, 13, 11], (19, 16): [19, 15, 7, 16]}
837: {(1, 19): [1, 5, 8, 15, 19], (19, 11): [19, 17, 14, 12, 13, 11], (19, 16): [19, 15, 7, 16]}
838: {(1, 19): [1, 5, 8, 15, 19], (19, 11): [19, 17, 14, 12, 13, 11], (19, 16): [19, 15, 7, 16]}
839: {(1, 19): [1, 5, 8, 15, 19], (19, 11): [19, 17, 14, 12, 13, 11], (19, 16): [19, 15, 7, 16]}
840: {(1, 19): [1, 5, 8, 15, 19], (19, 11): [19, 17, 14, 12, 13, 11], (19, 16): [19, 15, 7, 16]}
841: {(1, 19): [1, 5, 8, 15, 19], (19, 11): [19, 17, 14, 12, 13, 11], (19, 16): [19, 15, 7, 16]}
842: {(1, 19): [1, 5, 8, 15, 19], (19, 11): [19, 17, 14, 12, 13, 11], (19, 16): [19, 15, 7, 16]}
843: {(1, 19): [1, 5, 8, 15, 19], (19, 11): [19, 17, 14, 12, 13, 11], (19, 16): [19, 15, 7, 16]}
844: {(1, 19): [1, 5, 8, 15, 19], (19, 11): [19, 17, 14, 12, 13, 11], (19, 16): [19, 15, 7, 16]}
845: {(1, 19): [1, 5, 8, 15, 19], (19, 11): [19, 17, 14, 12, 13, 11], (19, 16): [19, 15, 7, 16]}
846: {(1, 19): [1, 5, 8, 15, 19], (19, 11): [19, 17, 14, 12, 13, 11], (19, 16): [19, 15, 7, 16]}
847: {(1, 19): [1, 5, 8, 15, 19], (19, 11): [19, 17, 14, 12, 13, 11], (19, 16): [19, 15, 7, 16]}
848: {(1, 19): [1, 5, 8, 15, 19], (19, 11): [19, 17, 14, 12, 13, 11], (19, 16): [19, 15, 7, 16]}
849: {(1, 19): [1, 5, 8, 15, 19], (19, 11): [19, 17, 14, 12, 13, 11], (19, 16): [19, 15, 7, 16]}
850: {(1, 19): [1, 5, 8, 15, 19], (19, 11): [19, 17, 14, 12, 13, 11], (19, 16): [19, 15, 7, 16]}
851: {(1, 19): [1, 5, 8, 15, 19], (19, 11): [19, 17, 14, 12, 13, 11], (19, 16): [19, 15, 7, 16]}
852: {(1, 19): [1, 5, 8, 15, 19], (19, 11): [19, 17, 14, 12, 13, 11], (19, 16): [19, 15, 7, 16]}
853: {(1, 19): [1, 5, 8, 15, 19], (19, 11): [19, 17, 14, 12, 13, 11], (19, 16): [19, 15, 7, 16]}
854: {(1, 19): [1, 5, 8, 15, 19], (19, 11): [19, 17, 14, 12, 13, 11], (19, 16): [19, 15, 7, 16]}
855: {(1, 19): [1, 5, 8, 15, 19], (19, 11): [19, 17, 14, 12, 13, 11], (19, 16): [19, 15, 7, 16]}
856: {(1, 19): [1, 5, 8, 15, 19], (19, 11): [19, 17, 14, 12, 13, 11], (19, 16): [19, 15, 7, 16]}
857: {(1, 19): [1, 5, 8, 15, 19], (19, 11): [19, 17, 14, 12, 13, 11], (19, 16): [19, 15, 7, 16]}
858: {(1, 19): [1, 5, 8, 15, 19], (19, 11): [19, 17, 14, 12, 13, 11], (19, 16): [19, 15, 7, 16]}
859: {(1, 19): [1, 5, 8, 15, 19], (19, 11): [19, 17, 14, 12, 13, 11], (19, 16): [19, 15, 7, 16]}
860: {(1, 19): [1, 5, 8, 15, 19], (19, 11): [19, 17, 14, 12, 13, 11], (19, 16): [19, 15, 7, 16]}
861: {(1, 19): [1, 5, 8, 15, 19], (19, 11): [19, 17, 14, 12, 13, 11], (19, 16): [19, 15, 7, 16]}
862: {(1, 19): [1, 5, 8, 15, 19], (19, 11): [19, 17, 14, 12, 13, 11], (19, 16): [19, 15, 7, 16]}
863: {(1, 19): [1, 5, 8, 15, 19], (19, 11): [19, 17, 14, 12, 13, 11], (19, 16): [19, 15, 7, 16]}
864: {(1, 19): [1, 5, 8, 15, 19], (19, 11): [19, 17, 14, 12, 13, 11], (19, 16): [19, 15, 7, 16]}
865: {(1, 19): [1, 5, 8, 15, 19], (19, 11): [19, 17, 14, 12, 13, 11], (19, 16): [19, 15, 7, 16]}
866: {(1, 19): [1, 5, 8, 15, 19], (19, 11): [19, 17, 14, 12, 13, 11], (19, 16): [19, 15, 7, 16]}
867: {(1, 19): [1, 5, 8, 15, 19], (19, 11): [19, 17, 14, 12, 13, 11], (19, 16): [19, 15, 7, 16]}
868: {(1, 19): [1, 5, 8, 15, 19], (19, 11): [19, 17, 14, 12, 13, 11], (19, 16): [19, 15, 7, 16]}
869: {(1, 19): [1, 5, 8, 15, 19], (19, 11): [19, 17, 14, 12, 13, 11], (19, 16): [19, 15, 7, 16]}
870: {(1, 19): [1, 5, 8, 15, 19], (19, 11): [19, 17, 14, 12, 13, 11], (19, 16): [19, 15, 7, 16]}
871: {(1, 19): [1, 5, 8, 15, 19], (19, 11): [19, 17, 14, 12, 13, 11], (19, 16): [19, 15, 7, 16]}
872: {(1, 19): [1, 5, 8, 15, 19], (19, 11): [19, 17, 14, 12, 13, 11], (19, 16): [19, 15, 7, 16]}
873: {(1, 19): [1, 5, 8, 15, 19], (19, 11): [19, 17, 14, 12, 13, 11], (19, 16): [19, 15, 7, 16]}
874: {(1, 19): [1, 5, 8, 15, 19], (19, 11): [19, 17, 14, 12, 13, 11], (19, 16): [19, 15, 7, 16]}
875: {(1, 19): [1, 5, 8, 15, 19], (19, 11): [19, 17, 14, 12, 13, 11], (19, 16): [19, 15, 7, 16]}
876: {(1, 19): [1, 5, 8, 15, 19], (19, 11): [19, 17, 14, 12, 13, 11], (19, 16): [19, 15, 7, 16]}
877: {(1, 19): [1, 5, 8, 15, 19], (19, 11): [19, 17, 14, 12, 13, 11], (19, 16): [19, 15, 7, 16]}
878: {(1, 19): [1, 5, 8, 15, 19], (19, 11): [19, 17, 14, 12, 13, 11], (19, 16): [19, 15, 7, 16]}
879: {(1, 19): [1, 5, 8, 15, 19], (19, 11): [19, 17, 14, 12, 13, 11], (19, 16): [19, 15, 7, 16]}
880: {(1, 19): [1, 5, 8, 15, 19], (19, 11): [19, 17, 14, 12, 13, 11], (19, 16): [19, 15, 7, 16]}
881: {(1, 19): [1, 5, 8, 15, 19], (19, 11): [19, 17, 14, 12, 13, 11], (19, 16): [19, 15, 7, 16]}
882: {(1, 19): [1, 5, 8, 15, 19], (19, 11): [19, 17, 14, 12, 13, 11], (19, 16): [19, 15, 7, 16]}
883: {(1, 19): [1, 5, 8, 15, 19], (19, 11): [19, 17, 14, 12, 13, 11], (19, 16): [19, 15, 7, 16]}
884: {(1, 19): [1, 5, 8, 15, 19], (19, 11): [19, 17, 14, 12, 13, 11], (19, 16): [19, 15, 7, 16]}
885: {(1, 19): [1, 5, 8, 15, 19], (19, 11): [19, 17, 14, 12, 13, 11], (19, 16): [19, 15, 7, 16]}
886: {(1, 19): [1, 5, 8, 15, 19], (19, 11): [19, 17, 14, 12, 13, 11], (19, 16): [19, 15, 7, 16]}
887: {(1, 19): [1, 5, 8, 15, 19], (19, 11): [19, 17, 14, 12, 13, 11], (19, 16): [19, 15, 7, 16]}
888: {(1, 19): [1, 5, 8, 15, 19], (19, 11): [19, 17, 14, 12, 13, 11], (19, 16): [19, 15, 7, 16]}
889: {(1, 19): [1, 5, 8, 15, 19], (19, 11): [19, 17, 14, 12, 13, 11], (19, 16): [19, 15, 7, 16]}
890: {(1, 19): [1, 5, 8, 15, 19], (19, 11): [19, 17, 14, 12, 13, 11], (19, 16): [19, 15, 7, 16]}
891: {(1, 19): [1, 5, 8, 15, 19], (19, 11): [19, 17, 14, 12, 13, 11], (19, 16): [19, 15, 7, 16]}
892: {(1, 19): [1, 5, 8, 15, 19], (19, 11): [19, 17, 14, 12, 13, 11], (19, 16): [19, 15, 7, 16]}
893: {(1, 19): [1, 5, 8, 15, 19], (19, 11): [19, 17, 14, 12, 13, 11], (19, 16): [19, 15, 7, 16]}
894: {(1, 19): [1, 5, 8, 15, 19], (19, 11): [19, 17, 14, 12, 13, 11], (19, 16): [19, 15, 7, 16]}
895: {(1, 19): [1, 5, 8, 15, 19], (19, 11): [19, 17, 14, 12, 13, 11], (19, 16): [19, 15, 7, 16]}
896: {(1, 19): [1, 5, 8, 15, 19], (19, 11): [19, 17, 14, 12, 13, 11], (19, 16): [19, 15, 7, 16]}
897: {(1, 19): [1, 5, 8, 15, 19], (19, 11): [19, 17, 14, 12, 13, 11], (19, 16): [19, 15, 7, 16]}
898: {(1, 19): [1, 5, 8, 15, 19], (19, 11): [19, 17, 14, 12, 13, 11], (19, 16): [19, 15, 7, 16]}
899: {(1, 19): [1, 5, 8, 15, 19], (19, 11): [19, 17, 14, 12, 13, 11], (19, 16): [19, 15, 7, 16]}
900: {(1, 19): [1, 5, 8, 15, 19], (19, 11): [19, 17, 14, 12, 13, 11], (19, 16): [19, 15, 7, 16]}
901: {(1, 19): [1, 5, 8, 15, 19], (19, 11): [19, 17, 14, 12, 13, 11], (19, 16): [19, 15, 7, 16]}
902: {(1, 19): [1, 5, 8, 15, 19], (19, 11): [19, 17, 14, 12, 13, 11], (19, 16): [19, 15, 7, 16]}
903: {(1, 19): [1, 5, 8, 15, 19], (19, 11): [19, 17, 14, 12, 13, 11], (19, 16): [19, 15, 7, 16]}
904: {(1, 19): [1, 5, 8, 15, 19], (19, 11): [19, 17, 14, 12, 13, 11], (19, 16): [19, 15, 7, 16]}
905: {(1, 19): [1, 5, 8, 15, 19], (19, 11): [19, 17, 14, 12, 13, 11], (19, 16): [19, 15, 7, 16]}
906: {(1, 19): [1, 5, 8, 15, 19], (19, 11): [19, 17, 14, 12, 13, 11], (19, 16): [19, 15, 7, 16]}
907: {(1, 19): [1, 5, 8, 15, 19], (19, 11): [19, 17, 14, 12, 13, 11], (19, 16): [19, 15, 7, 16]}
908: {(1, 19): [1, 5, 8, 15, 19], (19, 11): [19, 17, 14, 12, 13, 11], (19, 16): [19, 15, 7, 16]}
909: {(1, 19): [1, 5, 8, 15, 19], (19, 11): [19, 17, 14, 12, 13, 11], (19, 16): [19, 15, 7, 16]}
910: {(1, 19): [1, 5, 8, 15, 19], (19, 11): [19, 17, 14, 12, 13, 11], (19, 16): [19, 15, 7, 16]}
911: {(1, 19): [1, 5, 8, 15, 19], (19, 11): [19, 17, 14, 12, 13, 11], (19, 16): [19, 15, 7, 16]}
912: {(1, 19): [1, 5, 8, 15, 19], (19, 11): [19, 17, 14, 12, 13, 11], (19, 16): [19, 15, 7, 16]}
913: {(1, 19): [1, 5, 8, 15, 19], (19, 11): [19, 17, 14, 12, 13, 11], (19, 16): [19, 15, 7, 16]}
914: {(1, 19): [1, 5, 8, 15, 19], (19, 11): [19, 17, 14, 12, 13, 11], (19, 16): [19, 15, 7, 16]}
915: {(1, 19): [1, 5, 8, 15, 19], (19, 11): [19, 17, 14, 12, 13, 11], (19, 16): [19, 15, 7, 16]}
916: {(1, 19): [1, 5, 8, 15, 19], (19, 11): [19, 17, 14, 12, 13, 11], (19, 16): [19, 15, 7, 16]}
917: {(1, 19): [1, 5, 8, 15, 19], (19, 11): [19, 17, 14, 12, 13, 11], (19, 16): [19, 15, 7, 16]}
918: {(1, 19): [1, 5, 8, 15, 19], (19, 11): [19, 17, 14, 12, 13, 11], (19, 16): [19, 15, 7, 16]}
919: {(1, 19): [1, 5, 8, 15, 19], (19, 11): [19, 17, 14, 12, 13, 11], (19, 16): [19, 15, 7, 16]}
920: {(1, 19): [1, 5, 8, 15, 19], (19, 11): [19, 17, 14, 12, 13, 11], (19, 16): [19, 15, 7, 16]}
921: {(1, 19): [1, 5, 8, 15, 19], (19, 11): [19, 17, 14, 12, 13, 11], (19, 16): [19, 15, 7, 16]}
922: {(1, 19): [1, 5, 8, 15, 19], (19, 11): [19, 17, 14, 12, 13, 11], (19, 16): [19, 15, 7, 16]}
923: {(1, 19): [1, 5, 8, 15, 19], (19, 11): [19, 17, 14, 12, 13, 11], (19, 16): [19, 15, 7, 16]}
924: {(1, 19): [1, 5, 8, 15, 19], (19, 11): [19, 17, 14, 12, 13, 11], (19, 16): [19, 15, 7, 16]}
925: {(1, 19): [1, 5, 8, 15, 19], (19, 11): [19, 17, 14, 12, 13, 11], (19, 16): [19, 15, 7, 16]}
926: {(1, 19): [1, 5, 8, 15, 19], (19, 11): [19, 17, 14, 12, 13, 11], (19, 16): [19, 15, 7, 16]}
927: {(1, 19): [1, 5, 8, 15, 19], (19, 11): [19, 17, 14, 12, 13, 11], (19, 16): [19, 15, 7, 16]}
928: {(1, 19): [1, 5, 8, 15, 19], (19, 11): [19, 17, 14, 12, 13, 11], (19, 16): [19, 15, 7, 16]}
929: {(1, 19): [1, 5, 8, 15, 19], (19, 11): [19, 17, 14, 12, 13, 11], (19, 16): [19, 15, 7, 16]}
930: {(1, 19): [1, 5, 8, 15, 19], (19, 11): [19, 17, 14, 12, 13, 11], (19, 16): [19, 15, 7, 16]}
931: {(1, 19): [1, 5, 8, 15, 19], (19, 11): [19, 17, 14, 12, 13, 11], (19, 16): [19, 15, 7, 16]}
932: {(1, 19): [1, 5, 8, 15, 19], (19, 11): [19, 17, 14, 12, 13, 11], (19, 16): [19, 15, 7, 16]}
933: {(1, 19): [1, 5, 8, 15, 19], (19, 11): [19, 17, 14, 12, 13, 11], (19, 16): [19, 15, 7, 16]}
934: {(1, 19): [1, 5, 8, 15, 19], (19, 11): [19, 17, 14, 12, 13, 11], (19, 16): [19, 15, 7, 16]}
935: {(1, 19): [1, 5, 8, 15, 19], (19, 11): [19, 17, 14, 12, 13, 11], (19, 16): [19, 15, 7, 16]}
936: {(1, 19): [1, 5, 8, 15, 19], (19, 11): [19, 17, 14, 12, 13, 11], (19, 16): [19, 15, 7, 16]}
937: {(1, 19): [1, 5, 8, 15, 19], (19, 11): [19, 17, 14, 12, 13, 11], (19, 16): [19, 15, 7, 16]}
938: {(1, 19): [1, 5, 8, 15, 19], (19, 11): [19, 17, 14, 12, 13, 11], (19, 16): [19, 15, 7, 16]}
939: {(1, 19): [1, 5, 8, 15, 19], (19, 11): [19, 17, 14, 12, 13, 11], (19, 16): [19, 15, 7, 16]}
940: {(1, 19): [1, 5, 8, 15, 19], (19, 11): [19, 17, 14, 12, 13, 11], (19, 16): [19, 15, 7, 16]}
941: {(1, 19): [1, 5, 8, 15, 19], (19, 11): [19, 17, 14, 12, 13, 11], (19, 16): [19, 15, 7, 16]}
942: {(1, 19): [1, 5, 8, 15, 19], (19, 11): [19, 17, 14, 12, 13, 11], (19, 16): [19, 15, 7, 16]}
943: {(1, 19): [1, 5, 8, 15, 19], (19, 11): [19, 17, 14, 12, 13, 11], (19, 16): [19, 15, 7, 16]}
944: {(1, 19): [1, 5, 8, 15, 19], (19, 11): [19, 17, 14, 12, 13, 11], (19, 16): [19, 15, 7, 16]}
945: {(1, 19): [1, 5, 8, 15, 19], (19, 11): [19, 17, 14, 12, 13, 11], (19, 16): [19, 15, 7, 16]}
946: {(1, 19): [1, 5, 8, 15, 19], (19, 11): [19, 17, 14, 12, 13, 11], (19, 16): [19, 15, 7, 16]}
947: {(1, 19): [1, 5, 8, 15, 19], (19, 11): [19, 17, 14, 12, 13, 11], (19, 16): [19, 15, 7, 16]}
948: {(1, 19): [1, 5, 8, 15, 19], (19, 11): [19, 17, 14, 12, 13, 11], (19, 16): [19, 15, 7, 16]}
949: {(1, 19): [1, 5, 8, 15, 19], (19, 11): [19, 17, 14, 12, 13, 11], (19, 16): [19, 15, 7, 16]}
950: {(1, 19): [1, 5, 8, 15, 19], (19, 11): [19, 17, 14, 12, 13, 11], (19, 16): [19, 15, 7, 16]}
951: {(1, 19): [1, 5, 8, 15, 19], (19, 11): [19, 17, 14, 12, 13, 11], (19, 16): [19, 15, 7, 16]}
952: {(1, 19): [1, 5, 8, 15, 19], (19, 11): [19, 17, 14, 12, 13, 11], (19, 16): [19, 15, 7, 16]}
953: {(1, 19): [1, 5, 8, 15, 19], (19, 11): [19, 17, 14, 12, 13, 11], (19, 16): [19, 15, 7, 16]}
954: {(1, 19): [1, 5, 8, 15, 19], (19, 11): [19, 17, 14, 12, 13, 11], (19, 16): [19, 15, 7, 16]}
955: {(1, 19): [1, 5, 8, 15, 19], (19, 11): [19, 17, 14, 12, 13, 11], (19, 16): [19, 15, 7, 16]}
956: {(1, 19): [1, 5, 8, 15, 19], (19, 11): [19, 17, 14, 12, 13, 11], (19, 16): [19, 15, 7, 16]}
957: {(1, 19): [1, 5, 8, 15, 19], (19, 11): [19, 17, 14, 12, 13, 11], (19, 16): [19, 15, 7, 16]}
958: {(1, 19): [1, 5, 8, 15, 19], (19, 11): [19, 17, 14, 12, 13, 11], (19, 16): [19, 15, 7, 16]}
959: {(1, 19): [1, 5, 8, 15, 19], (19, 11): [19, 17, 14, 12, 13, 11], (19, 16): [19, 15, 7, 16]}
960: {(1, 19): [1, 5, 8, 15, 19], (19, 11): [19, 17, 14, 12, 13, 11], (19, 16): [19, 15, 7, 16]}
961: {(1, 19): [1, 5, 8, 15, 19], (19, 11): [19, 17, 14, 12, 13, 11], (19, 16): [19, 15, 7, 16]}
962: {(1, 19): [1, 5, 8, 15, 19], (19, 11): [19, 17, 14, 12, 13, 11], (19, 16): [19, 15, 7, 16]}
963: {(1, 19): [1, 5, 8, 15, 19], (19, 11): [19, 17, 14, 12, 13, 11], (19, 16): [19, 15, 7, 16]}
964: {(1, 19): [1, 5, 8, 15, 19], (19, 11): [19, 17, 14, 12, 13, 11], (19, 16): [19, 15, 7, 16]}
965: {(1, 19): [1, 5, 8, 15, 19], (19, 11): [19, 17, 14, 12, 13, 11], (19, 16): [19, 15, 7, 16]}
966: {(1, 19): [1, 5, 8, 15, 19], (19, 11): [19, 17, 14, 12, 13, 11], (19, 16): [19, 15, 7, 16]}
967: {(1, 19): [1, 5, 8, 15, 19], (19, 11): [19, 17, 14, 12, 13, 11], (19, 16): [19, 15, 7, 16]}
968: {(1, 19): [1, 5, 8, 15, 19], (19, 11): [19, 17, 14, 12, 13, 11], (19, 16): [19, 15, 7, 16]}
969: {(1, 19): [1, 5, 8, 15, 19], (19, 11): [19, 17, 14, 12, 13, 11], (19, 16): [19, 15, 7, 16]}
970: {(1, 19): [1, 5, 8, 15, 19], (19, 11): [19, 17, 14, 12, 13, 11], (19, 16): [19, 15, 7, 16]}
971: {(1, 19): [1, 5, 8, 15, 19], (19, 11): [19, 17, 14, 12, 13, 11], (19, 16): [19, 15, 7, 16]}
972: {(1, 19): [1, 5, 8, 15, 19], (19, 11): [19, 17, 14, 12, 13, 11], (19, 16): [19, 15, 7, 16]}
973: {(1, 19): [1, 5, 8, 15, 19], (19, 11): [19, 17, 14, 12, 13, 11], (19, 16): [19, 15, 7, 16]}
974: {(1, 19): [1, 5, 8, 15, 19], (19, 11): [19, 17, 14, 12, 13, 11], (19, 16): [19, 15, 7, 16]}
975: {(1, 19): [1, 5, 8, 15, 19], (19, 11): [19, 17, 14, 12, 13, 11], (19, 16): [19, 15, 7, 16]}
976: {(1, 19): [1, 5, 8, 15, 19], (19, 11): [19, 17, 14, 12, 13, 11], (19, 16): [19, 15, 7, 16]}
977: {(1, 19): [1, 5, 8, 15, 19], (19, 11): [19, 17, 14, 12, 13, 11], (19, 16): [19, 15, 7, 16]}
978: {(1, 19): [1, 5, 8, 15, 19], (19, 11): [19, 17, 14, 12, 13, 11], (19, 16): [19, 15, 7, 16]}
979: {(1, 19): [1, 5, 8, 15, 19], (19, 11): [19, 17, 14, 12, 13, 11], (19, 16): [19, 15, 7, 16]}
980: {(1, 19): [1, 5, 8, 15, 19], (19, 11): [19, 17, 14, 12, 13, 11], (19, 16): [19, 15, 7, 16]}
981: {(1, 19): [1, 5, 8, 15, 19], (19, 11): [19, 17, 14, 12, 13, 11], (19, 16): [19, 15, 7, 16]}
982: {(1, 19): [1, 5, 8, 15, 19], (19, 11): [19, 17, 14, 12, 13, 11], (19, 16): [19, 15, 7, 16]}
983: {(1, 19): [1, 5, 8, 15, 19], (19, 11): [19, 17, 14, 12, 13, 11], (19, 16): [19, 15, 7, 16]}
984: {(1, 19): [1, 5, 8, 15, 19], (19, 11): [19, 17, 14, 12, 13, 11], (19, 16): [19, 15, 7, 16]}
985: {(1, 19): [1, 5, 8, 15, 19], (19, 11): [19, 17, 14, 12, 13, 11], (19, 16): [19, 15, 7, 16]}
986: {(1, 19): [1, 5, 8, 15, 19], (19, 11): [19, 17, 14, 12, 13, 11], (19, 16): [19, 15, 7, 16]}
987: {(1, 19): [1, 5, 8, 15, 19], (19, 11): [19, 17, 14, 12, 13, 11], (19, 16): [19, 15, 7, 16]}
988: {(1, 19): [1, 5, 8, 15, 19], (19, 11): [19, 17, 14, 12, 13, 11], (19, 16): [19, 15, 7, 16]}
989: {(1, 19): [1, 5, 8, 15, 19], (19, 11): [19, 17, 14, 12, 13, 11], (19, 16): [19, 15, 7, 16]}
990: {(1, 19): [1, 5, 8, 15, 19], (19, 11): [19, 17, 14, 12, 13, 11], (19, 16): [19, 15, 7, 16]}
991: {(1, 19): [1, 5, 8, 15, 19], (19, 11): [19, 17, 14, 12, 13, 11], (19, 16): [19, 15, 7, 16]}
992: {(1, 19): [1, 5, 8, 15, 19], (19, 11): [19, 17, 14, 12, 13, 11], (19, 16): [19, 15, 7, 16]}
993: {(1, 19): [1, 5, 8, 15, 19], (19, 11): [19, 17, 14, 12, 13, 11], (19, 16): [19, 15, 7, 16]}
994: {(1, 19): [1, 5, 8, 15, 19], (19, 11): [19, 17, 14, 12, 13, 11], (19, 16): [19, 15, 7, 16]}
995: {(1, 19): [1, 5, 8, 15, 19], (19, 11): [19, 17, 14, 12, 13, 11], (19, 16): [19, 15, 7, 16]}
996: {(1, 19): [1, 5, 8, 15, 19], (19, 11): [19, 17, 14, 12, 13, 11], (19, 16): [19, 15, 7, 16]}
997: {(1, 19): [1, 5, 8, 15, 19], (19, 11): [19, 17, 14, 12, 13, 11], (19, 16): [19, 15, 7, 16]}
998: {(1, 19): [1, 5, 8, 15, 19], (19, 11): [19, 17, 14, 12, 13, 11], (19, 16): [19, 15, 7, 16]}
999: {(1, 19): [1, 5, 8, 15, 19], (19, 11): [19, 17, 14, 12, 13, 11], (19, 16): [19, 15, 7, 16]}
