0: {(3, 4): [3, 6, 4], (4, 7): [4, 5, 7], (4, 14): [4, 5, 8, 14]}
1: {(3, 7): [3, 1, 5, 7], (7, 14): [7, 5, 8, 14], (7, 4): [7, 9, 4]}
2: {(3, 14): [3, 1, 11, 14], (14, 7): [14, 8, 9, 7], (14, 4): [14, 11, 14, 14, 8, 5, 4]}
3: {(3, 14): [3, 1, 11, 14], (14, 4): [14, 11, 4], (14, 7): [14, 14, 11, 1, 5, 7]}
4: {(3, 14): [3, 1, 11, 14], (3, 7): [3, 6, 5, 7], (7, 4): [7, 5, 4]}
5: {(3, 14): [3, 1, 11, 14], (14, 7): [14, 8, 5, 7], (7, 4): [7, 9, 4]}
6: {(3, 4): [3, 1, 4], (4, 14): [4, 11, 14], (4, 7): [4, 5, 7]}
7: {(3, 4): [3, 6, 4], (4, 14): [4, 11, 14], (4, 7): [4, 9, 7]}
8: {(3, 4): [3, 1, 4], (4, 7): [4, 9, 7], (7, 14): [7, 9, 8, 14]}
9: {(3, 4): [3, 1, 4], (4, 7): [4, 5, 7], (4, 14): [4, 9, 8, 14]}
10: {(3, 4): [3, 1, 4], (4, 7): [4, 9, 7], (4, 14): [4, 9, 8, 14]}
11: {(3, 4): [3, 1, 4], (4, 7): [4, 5, 7], (4, 14): [4, 9, 8, 14]}
12: {(3, 4): [3, 1, 4], (4, 7): [4, 5, 7], (4, 14): [4, 9, 8, 14]}
13: {(3, 4): [3, 1, 4], (4, 7): [4, 5, 7], (4, 14): [4, 5, 8, 14]}
14: {(3, 4): [3, 6, 4], (4, 7): [4, 5, 7], (4, 14): [4, 5, 8, 14]}
15: {(3, 4): [3, 1, 4], (4, 7): [4, 5, 7], (7, 14): [7, 5, 8, 14]}
16: {(3, 4): [3, 1, 4], (4, 7): [4, 9, 7], (4, 14): [4, 5, 8, 14]}
17: {(3, 4): [3, 1, 4], (4, 7): [4, 9, 7], (7, 14): [7, 5, 8, 14]}
18: {(3, 4): [3, 1, 4], (4, 7): [4, 5, 7], (4, 14): [4, 9, 8, 14]}
19: {(3, 4): [3, 1, 4], (4, 7): [4, 5, 7], (4, 14): [4, 5, 8, 14]}
20: {(3, 4): [3, 6, 4], (4, 7): [4, 9, 7], (4, 14): [4, 5, 8, 14]}
21: {(3, 4): [3, 1, 4], (4, 7): [4, 9, 7], (4, 14): [4, 9, 8, 14]}
22: {(3, 4): [3, 1, 4], (4, 7): [4, 9, 7], (4, 14): [4, 5, 8, 14]}
23: {(3, 4): [3, 1, 4], (4, 7): [4, 9, 7], (4, 14): [4, 5, 8, 14]}
24: {(3, 4): [3, 1, 4], (4, 7): [4, 9, 7], (7, 14): [7, 9, 8, 14]}
25: {(3, 4): [3, 1, 4], (4, 7): [4, 9, 7], (4, 14): [4, 5, 8, 14]}
26: {(3, 4): [3, 1, 4], (4, 7): [4, 9, 7], (4, 14): [4, 5, 8, 14]}
27: {(3, 4): [3, 1, 4], (4, 7): [4, 5, 7], (7, 14): [7, 9, 8, 14]}
28: {(3, 4): [3, 1, 4], (4, 7): [4, 9, 7], (4, 14): [4, 9, 8, 14]}
29: {(3, 4): [3, 1, 4], (4, 7): [4, 9, 7], (7, 14): [7, 5, 8, 14]}
30: {(3, 4): [3, 1, 4], (4, 7): [4, 5, 7], (4, 14): [4, 5, 8, 14]}
31: {(3, 4): [3, 1, 4], (4, 7): [4, 9, 7], (7, 14): [7, 9, 8, 14]}
32: {(3, 4): [3, 1, 4], (4, 7): [4, 9, 7], (4, 14): [4, 9, 8, 14]}
33: {(3, 4): [3, 1, 4], (4, 7): [4, 5, 7], (4, 14): [4, 9, 8, 14]}
34: {(3, 4): [3, 1, 4], (4, 7): [4, 9, 7], (4, 14): [4, 9, 8, 14]}
35: {(3, 4): [3, 1, 4], (4, 7): [4, 9, 7], (4, 14): [4, 9, 8, 14]}
36: {(3, 4): [3, 1, 4], (4, 7): [4, 9, 7], (4, 14): [4, 9, 8, 14]}
37: {(3, 4): [3, 1, 4], (4, 7): [4, 9, 7], (4, 14): [4, 9, 8, 14]}
38: {(3, 4): [3, 1, 4], (4, 7): [4, 5, 7], (4, 14): [4, 9, 8, 14]}
39: {(3, 4): [3, 1, 4], (4, 7): [4, 9, 7], (4, 14): [4, 9, 8, 14]}
40: {(3, 4): [3, 1, 4], (4, 7): [4, 9, 7], (4, 14): [4, 9, 8, 14]}
41: {(3, 4): [3, 1, 4], (4, 7): [4, 9, 7], (4, 14): [4, 9, 8, 14]}
42: {(3, 4): [3, 1, 4], (4, 7): [4, 9, 7], (4, 14): [4, 9, 8, 14]}
43: {(3, 4): [3, 1, 4], (4, 7): [4, 9, 7], (4, 14): [4, 9, 8, 14]}
44: {(3, 4): [3, 1, 4], (4, 7): [4, 9, 7], (4, 14): [4, 9, 8, 14]}
45: {(3, 4): [3, 1, 4], (4, 7): [4, 9, 7], (4, 14): [4, 9, 8, 14]}
46: {(3, 4): [3, 1, 4], (4, 7): [4, 5, 7], (4, 14): [4, 9, 8, 14]}
47: {(3, 4): [3, 1, 4], (4, 7): [4, 9, 7], (4, 14): [4, 9, 8, 14]}
48: {(3, 4): [3, 1, 4], (4, 7): [4, 5, 7], (4, 14): [4, 9, 8, 14]}
49: {(3, 4): [3, 1, 4], (4, 14): [4, 11, 14], (4, 7): [4, 9, 7]}
50: {(3, 4): [3, 1, 4], (4, 14): [4, 11, 14], (4, 7): [4, 9, 7]}
51: {(3, 4): [3, 1, 4], (4, 14): [4, 11, 14], (4, 7): [4, 9, 7]}
52: {(3, 4): [3, 1, 4], (4, 14): [4, 11, 14], (14, 7): [14, 8, 9, 7]}
53: {(3, 4): [3, 1, 4], (4, 14): [4, 11, 14], (4, 7): [4, 9, 7]}
54: {(3, 4): [3, 1, 4], (4, 14): [4, 11, 14], (14, 7): [14, 8, 9, 7]}
55: {(3, 4): [3, 1, 4], (4, 14): [4, 11, 14], (14, 7): [14, 8, 9, 7]}
56: {(3, 4): [3, 1, 4], (4, 14): [4, 11, 14], (14, 7): [14, 8, 9, 7]}
57: {(3, 4): [3, 1, 4], (4, 14): [4, 11, 14], (14, 7): [14, 8, 9, 7]}
58: {(3, 4): [3, 1, 4], (4, 14): [4, 11, 14], (14, 7): [14, 8, 9, 7]}
59: {(3, 4): [3, 1, 4], (4, 14): [4, 11, 14], (14, 7): [14, 8, 5, 7]}
60: {(3, 4): [3, 1, 4], (4, 14): [4, 11, 14], (14, 7): [14, 8, 9, 7]}
61: {(3, 4): [3, 1, 4], (4, 14): [4, 11, 14], (14, 7): [14, 8, 9, 7]}
62: {(3, 4): [3, 1, 4], (4, 14): [4, 11, 14], (14, 7): [14, 8, 5, 7]}
63: {(3, 4): [3, 1, 4], (4, 14): [4, 11, 14], (14, 7): [14, 8, 9, 7]}
64: {(3, 4): [3, 1, 4], (4, 14): [4, 11, 14], (14, 7): [14, 8, 9, 7]}
65: {(3, 4): [3, 1, 4], (4, 7): [4, 9, 7], (4, 14): [4, 9, 8, 14]}
66: {(3, 4): [3, 1, 4], (4, 14): [4, 11, 14], (14, 7): [14, 8, 9, 7]}
67: {(3, 4): [3, 1, 4], (4, 14): [4, 11, 14], (14, 7): [14, 8, 9, 7]}
68: {(3, 4): [3, 1, 4], (4, 14): [4, 11, 14], (14, 7): [14, 8, 9, 7]}
69: {(3, 4): [3, 1, 4], (4, 14): [4, 11, 14], (14, 7): [14, 8, 5, 7]}
70: {(3, 4): [3, 1, 4], (4, 7): [4, 5, 7], (4, 14): [4, 5, 8, 14]}
71: {(3, 4): [3, 1, 4], (4, 7): [4, 5, 7], (4, 14): [4, 5, 8, 14]}
72: {(3, 4): [3, 1, 4], (4, 7): [4, 9, 7], (4, 14): [4, 5, 8, 14]}
73: {(3, 4): [3, 1, 4], (4, 7): [4, 9, 7], (4, 14): [4, 9, 8, 14]}
74: {(3, 4): [3, 1, 4], (4, 7): [4, 5, 7], (4, 14): [4, 5, 8, 14]}
75: {(3, 4): [3, 1, 4], (4, 7): [4, 5, 7], (4, 14): [4, 9, 8, 14]}
76: {(3, 4): [3, 1, 4], (4, 7): [4, 5, 7], (4, 14): [4, 5, 8, 14]}
77: {(3, 4): [3, 1, 4], (4, 7): [4, 9, 7], (4, 14): [4, 5, 8, 14]}
78: {(3, 4): [3, 1, 4], (4, 7): [4, 9, 7], (4, 14): [4, 5, 8, 14]}
79: {(3, 4): [3, 1, 4], (4, 7): [4, 9, 7], (4, 14): [4, 5, 8, 14]}
80: {(3, 4): [3, 1, 4], (4, 7): [4, 9, 7], (4, 14): [4, 5, 8, 14]}
81: {(3, 4): [3, 1, 4], (4, 7): [4, 9, 7], (4, 14): [4, 5, 8, 14]}
82: {(3, 4): [3, 1, 4], (4, 7): [4, 9, 7], (4, 14): [4, 9, 8, 14]}
83: {(3, 4): [3, 1, 4], (4, 7): [4, 9, 7], (4, 14): [4, 9, 8, 14]}
84: {(3, 4): [3, 1, 4], (4, 7): [4, 5, 7], (4, 14): [4, 5, 8, 14]}
85: {(3, 4): [3, 1, 4], (4, 7): [4, 9, 7], (4, 14): [4, 9, 8, 14]}
86: {(3, 4): [3, 1, 4], (4, 14): [4, 11, 14], (4, 7): [4, 9, 7]}
87: {(3, 4): [3, 1, 4], (4, 14): [4, 11, 14], (4, 7): [4, 5, 7]}
88: {(3, 4): [3, 1, 4], (4, 14): [4, 11, 14], (4, 7): [4, 9, 7]}
89: {(3, 4): [3, 1, 4], (4, 14): [4, 11, 14], (4, 7): [4, 5, 7]}
90: {(3, 4): [3, 1, 4], (4, 14): [4, 11, 14], (4, 7): [4, 5, 7]}
91: {(3, 4): [3, 1, 4], (4, 14): [4, 11, 14], (4, 7): [4, 5, 7]}
92: {(3, 4): [3, 1, 4], (4, 14): [4, 11, 14], (4, 7): [4, 9, 7]}
93: {(3, 4): [3, 1, 4], (4, 14): [4, 11, 14], (4, 7): [4, 9, 7]}
94: {(3, 4): [3, 1, 4], (4, 14): [4, 11, 14], (4, 7): [4, 5, 7]}
95: {(3, 4): [3, 1, 4], (4, 14): [4, 11, 14], (4, 7): [4, 5, 7]}
96: {(3, 4): [3, 1, 4], (4, 14): [4, 11, 14], (4, 7): [4, 9, 7]}
97: {(3, 4): [3, 1, 4], (4, 14): [4, 11, 14], (4, 7): [4, 9, 7]}
98: {(3, 4): [3, 1, 4], (4, 14): [4, 11, 14], (4, 7): [4, 9, 7]}
99: {(3, 4): [3, 1, 4], (4, 14): [4, 11, 14], (4, 7): [4, 5, 7]}
100: {(3, 4): [3, 1, 4], (4, 14): [4, 11, 14], (4, 7): [4, 9, 7]}
101: {(3, 4): [3, 1, 4], (4, 14): [4, 11, 14], (4, 7): [4, 9, 7]}
102: {(3, 4): [3, 1, 4], (4, 14): [4, 11, 14], (4, 7): [4, 9, 7]}
103: {(3, 4): [3, 1, 4], (4, 14): [4, 11, 14], (4, 7): [4, 9, 7]}
104: {(3, 4): [3, 1, 4], (4, 14): [4, 11, 14], (4, 7): [4, 9, 7]}
105: {(3, 4): [3, 1, 4], (4, 14): [4, 11, 14], (4, 7): [4, 9, 7]}
106: {(3, 4): [3, 1, 4], (4, 14): [4, 11, 14], (4, 7): [4, 9, 7]}
107: {(3, 4): [3, 1, 4], (4, 14): [4, 11, 14], (4, 7): [4, 9, 7]}
108: {(3, 4): [3, 1, 4], (4, 14): [4, 11, 14], (4, 7): [4, 5, 7]}
109: {(3, 4): [3, 1, 4], (4, 14): [4, 11, 14], (4, 7): [4, 9, 7]}
110: {(3, 4): [3, 1, 4], (4, 14): [4, 11, 14], (4, 7): [4, 5, 7]}
111: {(3, 4): [3, 1, 4], (4, 14): [4, 11, 14], (4, 7): [4, 5, 7]}
112: {(3, 4): [3, 1, 4], (4, 14): [4, 11, 14], (4, 7): [4, 5, 7]}
113: {(3, 4): [3, 1, 4], (4, 14): [4, 11, 14], (4, 7): [4, 5, 7]}
114: {(3, 4): [3, 1, 4], (4, 14): [4, 11, 14], (4, 7): [4, 5, 7]}
115: {(3, 4): [3, 1, 4], (4, 14): [4, 11, 14], (4, 7): [4, 5, 7]}
116: {(3, 4): [3, 1, 4], (4, 14): [4, 11, 14], (4, 7): [4, 9, 7]}
117: {(3, 4): [3, 1, 4], (4, 14): [4, 11, 14], (4, 7): [4, 5, 7]}
118: {(3, 4): [3, 1, 4], (4, 14): [4, 11, 14], (4, 7): [4, 9, 7]}
119: {(3, 4): [3, 1, 4], (4, 14): [4, 11, 14], (4, 7): [4, 9, 7]}
120: {(3, 4): [3, 1, 4], (4, 14): [4, 11, 14], (4, 7): [4, 9, 7]}
121: {(3, 4): [3, 1, 4], (4, 14): [4, 11, 14], (4, 7): [4, 9, 7]}
122: {(3, 4): [3, 1, 4], (4, 14): [4, 11, 14], (4, 7): [4, 5, 7]}
123: {(3, 4): [3, 1, 4], (4, 14): [4, 11, 14], (4, 7): [4, 9, 7]}
124: {(3, 4): [3, 1, 4], (4, 14): [4, 11, 14], (4, 7): [4, 5, 7]}
125: {(3, 4): [3, 1, 4], (4, 14): [4, 11, 14], (4, 7): [4, 5, 7]}
126: {(3, 4): [3, 1, 4], (4, 14): [4, 11, 14], (4, 7): [4, 5, 7]}
127: {(3, 4): [3, 1, 4], (4, 14): [4, 11, 14], (4, 7): [4, 5, 7]}
128: {(3, 4): [3, 1, 4], (4, 14): [4, 11, 14], (4, 7): [4, 5, 7]}
129: {(3, 4): [3, 1, 4], (4, 14): [4, 11, 14], (4, 7): [4, 9, 7]}
130: {(3, 4): [3, 1, 4], (4, 14): [4, 11, 14], (4, 7): [4, 9, 7]}
131: {(3, 4): [3, 1, 4], (4, 14): [4, 11, 14], (4, 7): [4, 5, 7]}
132: {(3, 4): [3, 1, 4], (4, 14): [4, 11, 14], (4, 7): [4, 9, 7]}
133: {(3, 4): [3, 1, 4], (4, 14): [4, 11, 14], (4, 7): [4, 5, 7]}
134: {(3, 4): [3, 1, 4], (4, 14): [4, 11, 14], (4, 7): [4, 5, 7]}
135: {(3, 4): [3, 1, 4], (4, 14): [4, 11, 14], (4, 7): [4, 5, 7]}
136: {(3, 4): [3, 1, 4], (4, 14): [4, 11, 14], (4, 7): [4, 9, 7]}
137: {(3, 4): [3, 1, 4], (4, 14): [4, 11, 14], (4, 7): [4, 5, 7]}
138: {(3, 4): [3, 1, 4], (4, 14): [4, 11, 14], (4, 7): [4, 5, 7]}
139: {(3, 4): [3, 1, 4], (4, 14): [4, 11, 14], (4, 7): [4, 5, 7]}
140: {(3, 4): [3, 1, 4], (4, 14): [4, 11, 14], (4, 7): [4, 9, 7]}
141: {(3, 4): [3, 1, 4], (4, 14): [4, 11, 14], (4, 7): [4, 5, 7]}
142: {(3, 4): [3, 1, 4], (4, 14): [4, 11, 14], (4, 7): [4, 9, 7]}
143: {(3, 4): [3, 1, 4], (4, 14): [4, 11, 14], (4, 7): [4, 9, 7]}
144: {(3, 4): [3, 1, 4], (4, 14): [4, 11, 14], (4, 7): [4, 9, 7]}
145: {(3, 4): [3, 1, 4], (4, 14): [4, 11, 14], (4, 7): [4, 9, 7]}
146: {(3, 4): [3, 1, 4], (4, 14): [4, 11, 14], (4, 7): [4, 9, 7]}
147: {(3, 4): [3, 1, 4], (4, 14): [4, 11, 14], (4, 7): [4, 9, 7]}
148: {(3, 4): [3, 1, 4], (4, 14): [4, 11, 14], (4, 7): [4, 5, 7]}
149: {(3, 4): [3, 1, 4], (4, 14): [4, 11, 14], (4, 7): [4, 9, 7]}
150: {(3, 4): [3, 1, 4], (4, 14): [4, 11, 14], (4, 7): [4, 9, 7]}
151: {(3, 4): [3, 1, 4], (4, 14): [4, 11, 14], (4, 7): [4, 9, 7]}
152: {(3, 4): [3, 1, 4], (4, 14): [4, 11, 14], (4, 7): [4, 9, 7]}
153: {(3, 4): [3, 1, 4], (4, 14): [4, 11, 14], (4, 7): [4, 9, 7]}
154: {(3, 4): [3, 1, 4], (4, 14): [4, 11, 14], (4, 7): [4, 9, 7]}
155: {(3, 4): [3, 1, 4], (4, 14): [4, 11, 14], (4, 7): [4, 9, 7]}
156: {(3, 4): [3, 1, 4], (4, 14): [4, 11, 14], (4, 7): [4, 9, 7]}
157: {(3, 4): [3, 1, 4], (4, 14): [4, 11, 14], (4, 7): [4, 9, 7]}
158: {(3, 4): [3, 1, 4], (4, 14): [4, 11, 14], (4, 7): [4, 9, 7]}
159: {(3, 4): [3, 1, 4], (4, 14): [4, 11, 14], (4, 7): [4, 9, 7]}
160: {(3, 4): [3, 1, 4], (4, 14): [4, 11, 14], (4, 7): [4, 9, 7]}
161: {(3, 4): [3, 1, 4], (4, 14): [4, 11, 14], (4, 7): [4, 9, 7]}
162: {(3, 4): [3, 1, 4], (4, 14): [4, 11, 14], (4, 7): [4, 9, 7]}
163: {(3, 4): [3, 1, 4], (4, 14): [4, 11, 14], (4, 7): [4, 9, 7]}
164: {(3, 4): [3, 1, 4], (4, 14): [4, 11, 14], (4, 7): [4, 5, 7]}
165: {(3, 4): [3, 1, 4], (4, 14): [4, 11, 14], (4, 7): [4, 9, 7]}
166: {(3, 4): [3, 1, 4], (4, 14): [4, 11, 14], (4, 7): [4, 5, 7]}
167: {(3, 4): [3, 1, 4], (4, 14): [4, 11, 14], (4, 7): [4, 9, 7]}
168: {(3, 4): [3, 1, 4], (4, 14): [4, 11, 14], (4, 7): [4, 9, 7]}
169: {(3, 4): [3, 1, 4], (4, 14): [4, 11, 14], (4, 7): [4, 9, 7]}
170: {(3, 4): [3, 1, 4], (4, 14): [4, 11, 14], (4, 7): [4, 5, 7]}
171: {(3, 4): [3, 1, 4], (4, 14): [4, 11, 14], (4, 7): [4, 5, 7]}
172: {(3, 4): [3, 1, 4], (4, 14): [4, 11, 14], (4, 7): [4, 9, 7]}
173: {(3, 4): [3, 1, 4], (4, 14): [4, 11, 14], (4, 7): [4, 9, 7]}
174: {(3, 4): [3, 1, 4], (4, 14): [4, 11, 14], (4, 7): [4, 9, 7]}
175: {(3, 4): [3, 1, 4], (4, 14): [4, 11, 14], (4, 7): [4, 5, 7]}
176: {(3, 4): [3, 1, 4], (4, 14): [4, 11, 14], (4, 7): [4, 5, 7]}
177: {(3, 4): [3, 1, 4], (4, 14): [4, 11, 14], (4, 7): [4, 9, 7]}
178: {(3, 4): [3, 1, 4], (4, 14): [4, 11, 14], (4, 7): [4, 5, 7]}
179: {(3, 4): [3, 1, 4], (4, 14): [4, 11, 14], (4, 7): [4, 5, 7]}
180: {(3, 4): [3, 1, 4], (4, 14): [4, 11, 14], (4, 7): [4, 9, 7]}
181: {(3, 4): [3, 1, 4], (4, 14): [4, 11, 14], (4, 7): [4, 9, 7]}
182: {(3, 4): [3, 1, 4], (4, 14): [4, 11, 14], (4, 7): [4, 9, 7]}
183: {(3, 4): [3, 1, 4], (4, 14): [4, 11, 14], (4, 7): [4, 9, 7]}
184: {(3, 4): [3, 1, 4], (4, 14): [4, 11, 14], (4, 7): [4, 9, 7]}
185: {(3, 4): [3, 1, 4], (4, 14): [4, 11, 14], (4, 7): [4, 9, 7]}
186: {(3, 4): [3, 1, 4], (4, 14): [4, 11, 14], (4, 7): [4, 9, 7]}
187: {(3, 4): [3, 1, 4], (4, 14): [4, 11, 14], (4, 7): [4, 5, 7]}
188: {(3, 4): [3, 1, 4], (4, 14): [4, 11, 14], (4, 7): [4, 9, 7]}
189: {(3, 4): [3, 1, 4], (4, 14): [4, 11, 14], (4, 7): [4, 9, 7]}
190: {(3, 4): [3, 1, 4], (4, 14): [4, 11, 14], (4, 7): [4, 5, 7]}
191: {(3, 4): [3, 1, 4], (4, 14): [4, 11, 14], (4, 7): [4, 5, 7]}
192: {(3, 4): [3, 1, 4], (4, 14): [4, 11, 14], (4, 7): [4, 9, 7]}
193: {(3, 4): [3, 1, 4], (4, 14): [4, 11, 14], (4, 7): [4, 9, 7]}
194: {(3, 4): [3, 1, 4], (4, 14): [4, 11, 14], (4, 7): [4, 9, 7]}
195: {(3, 4): [3, 1, 4], (4, 14): [4, 11, 14], (4, 7): [4, 5, 7]}
196: {(3, 4): [3, 1, 4], (4, 14): [4, 11, 14], (4, 7): [4, 9, 7]}
197: {(3, 4): [3, 1, 4], (4, 14): [4, 11, 14], (4, 7): [4, 9, 7]}
198: {(3, 4): [3, 1, 4], (4, 14): [4, 11, 14], (4, 7): [4, 9, 7]}
199: {(3, 4): [3, 1, 4], (4, 14): [4, 11, 14], (4, 7): [4, 9, 7]}
200: {(3, 4): [3, 1, 4], (4, 14): [4, 11, 14], (4, 7): [4, 9, 7]}
201: {(3, 4): [3, 1, 4], (4, 14): [4, 11, 14], (4, 7): [4, 5, 7]}
202: {(3, 4): [3, 1, 4], (4, 14): [4, 11, 14], (4, 7): [4, 9, 7]}
203: {(3, 4): [3, 1, 4], (4, 14): [4, 11, 14], (4, 7): [4, 9, 7]}
204: {(3, 4): [3, 1, 4], (4, 14): [4, 11, 14], (4, 7): [4, 9, 7]}
205: {(3, 4): [3, 1, 4], (4, 14): [4, 11, 14], (4, 7): [4, 5, 7]}
206: {(3, 4): [3, 1, 4], (4, 14): [4, 11, 14], (4, 7): [4, 5, 7]}
207: {(3, 4): [3, 1, 4], (4, 14): [4, 11, 14], (4, 7): [4, 5, 7]}
208: {(3, 4): [3, 1, 4], (4, 14): [4, 11, 14], (4, 7): [4, 5, 7]}
209: {(3, 4): [3, 1, 4], (4, 14): [4, 11, 14], (4, 7): [4, 5, 7]}
210: {(3, 4): [3, 1, 4], (4, 14): [4, 11, 14], (4, 7): [4, 9, 7]}
211: {(3, 4): [3, 1, 4], (4, 14): [4, 11, 14], (4, 7): [4, 5, 7]}
212: {(3, 4): [3, 1, 4], (4, 14): [4, 11, 14], (4, 7): [4, 9, 7]}
213: {(3, 4): [3, 1, 4], (4, 14): [4, 11, 14], (4, 7): [4, 9, 7]}
214: {(3, 4): [3, 1, 4], (4, 14): [4, 11, 14], (4, 7): [4, 9, 7]}
215: {(3, 4): [3, 1, 4], (4, 14): [4, 11, 14], (4, 7): [4, 9, 7]}
216: {(3, 4): [3, 1, 4], (4, 14): [4, 11, 14], (4, 7): [4, 5, 7]}
217: {(3, 4): [3, 1, 4], (4, 14): [4, 11, 14], (4, 7): [4, 9, 7]}
218: {(3, 4): [3, 1, 4], (4, 14): [4, 11, 14], (4, 7): [4, 9, 7]}
219: {(3, 4): [3, 1, 4], (4, 14): [4, 11, 14], (4, 7): [4, 5, 7]}
220: {(3, 4): [3, 1, 4], (4, 14): [4, 11, 14], (4, 7): [4, 5, 7]}
221: {(3, 4): [3, 1, 4], (4, 14): [4, 11, 14], (4, 7): [4, 9, 7]}
222: {(3, 4): [3, 1, 4], (4, 14): [4, 11, 14], (4, 7): [4, 5, 7]}
223: {(3, 4): [3, 1, 4], (4, 14): [4, 11, 14], (4, 7): [4, 9, 7]}
224: {(3, 4): [3, 1, 4], (4, 14): [4, 11, 14], (4, 7): [4, 9, 7]}
225: {(3, 4): [3, 1, 4], (4, 14): [4, 11, 14], (4, 7): [4, 9, 7]}
226: {(3, 4): [3, 1, 4], (4, 14): [4, 11, 14], (4, 7): [4, 9, 7]}
227: {(3, 4): [3, 1, 4], (4, 14): [4, 11, 14], (4, 7): [4, 9, 7]}
228: {(3, 4): [3, 1, 4], (4, 14): [4, 11, 14], (4, 7): [4, 9, 7]}
229: {(3, 4): [3, 1, 4], (4, 14): [4, 11, 14], (4, 7): [4, 9, 7]}
230: {(3, 4): [3, 1, 4], (4, 14): [4, 11, 14], (4, 7): [4, 9, 7]}
231: {(3, 4): [3, 1, 4], (4, 14): [4, 11, 14], (4, 7): [4, 9, 7]}
232: {(3, 4): [3, 1, 4], (4, 14): [4, 11, 14], (4, 7): [4, 5, 7]}
233: {(3, 4): [3, 1, 4], (4, 14): [4, 11, 14], (4, 7): [4, 5, 7]}
234: {(3, 4): [3, 1, 4], (4, 14): [4, 11, 14], (4, 7): [4, 9, 7]}
235: {(3, 4): [3, 1, 4], (4, 14): [4, 11, 14], (4, 7): [4, 5, 7]}
236: {(3, 4): [3, 1, 4], (4, 14): [4, 11, 14], (4, 7): [4, 9, 7]}
237: {(3, 4): [3, 1, 4], (4, 14): [4, 11, 14], (4, 7): [4, 9, 7]}
238: {(3, 4): [3, 1, 4], (4, 14): [4, 11, 14], (4, 7): [4, 9, 7]}
239: {(3, 4): [3, 1, 4], (4, 14): [4, 11, 14], (4, 7): [4, 9, 7]}
240: {(3, 4): [3, 1, 4], (4, 14): [4, 11, 14], (4, 7): [4, 9, 7]}
241: {(3, 4): [3, 1, 4], (4, 14): [4, 11, 14], (4, 7): [4, 9, 7]}
242: {(3, 4): [3, 1, 4], (4, 14): [4, 11, 14], (4, 7): [4, 5, 7]}
243: {(3, 4): [3, 1, 4], (4, 14): [4, 11, 14], (4, 7): [4, 9, 7]}
244: {(3, 4): [3, 1, 4], (4, 14): [4, 11, 14], (4, 7): [4, 5, 7]}
245: {(3, 4): [3, 1, 4], (4, 14): [4, 11, 14], (4, 7): [4, 5, 7]}
246: {(3, 4): [3, 1, 4], (4, 14): [4, 11, 14], (4, 7): [4, 5, 7]}
247: {(3, 4): [3, 1, 4], (4, 14): [4, 11, 14], (4, 7): [4, 5, 7]}
248: {(3, 4): [3, 1, 4], (4, 14): [4, 11, 14], (4, 7): [4, 5, 7]}
249: {(3, 4): [3, 1, 4], (4, 14): [4, 11, 14], (4, 7): [4, 5, 7]}
250: {(3, 4): [3, 1, 4], (4, 14): [4, 11, 14], (4, 7): [4, 9, 7]}
251: {(3, 4): [3, 1, 4], (4, 14): [4, 11, 14], (4, 7): [4, 9, 7]}
252: {(3, 4): [3, 1, 4], (4, 14): [4, 11, 14], (4, 7): [4, 9, 7]}
253: {(3, 4): [3, 1, 4], (4, 14): [4, 11, 14], (4, 7): [4, 9, 7]}
254: {(3, 4): [3, 1, 4], (4, 14): [4, 11, 14], (4, 7): [4, 9, 7]}
255: {(3, 4): [3, 1, 4], (4, 14): [4, 11, 14], (4, 7): [4, 9, 7]}
256: {(3, 4): [3, 1, 4], (4, 14): [4, 11, 14], (4, 7): [4, 5, 7]}
257: {(3, 4): [3, 1, 4], (4, 14): [4, 11, 14], (4, 7): [4, 9, 7]}
258: {(3, 4): [3, 1, 4], (4, 14): [4, 11, 14], (4, 7): [4, 9, 7]}
259: {(3, 4): [3, 1, 4], (4, 14): [4, 11, 14], (4, 7): [4, 9, 7]}
260: {(3, 4): [3, 1, 4], (4, 14): [4, 11, 14], (4, 7): [4, 5, 7]}
261: {(3, 4): [3, 1, 4], (4, 14): [4, 11, 14], (4, 7): [4, 5, 7]}
262: {(3, 4): [3, 1, 4], (4, 14): [4, 11, 14], (4, 7): [4, 5, 7]}
263: {(3, 4): [3, 1, 4], (4, 14): [4, 11, 14], (4, 7): [4, 5, 7]}
264: {(3, 4): [3, 1, 4], (4, 14): [4, 11, 14], (4, 7): [4, 5, 7]}
265: {(3, 4): [3, 1, 4], (4, 14): [4, 11, 14], (4, 7): [4, 9, 7]}
266: {(3, 4): [3, 1, 4], (4, 14): [4, 11, 14], (4, 7): [4, 9, 7]}
267: {(3, 4): [3, 1, 4], (4, 14): [4, 11, 14], (4, 7): [4, 9, 7]}
268: {(3, 4): [3, 1, 4], (4, 14): [4, 11, 14], (4, 7): [4, 9, 7]}
269: {(3, 4): [3, 1, 4], (4, 14): [4, 11, 14], (4, 7): [4, 9, 7]}
270: {(3, 4): [3, 1, 4], (4, 14): [4, 11, 14], (4, 7): [4, 9, 7]}
271: {(3, 4): [3, 1, 4], (4, 14): [4, 11, 14], (4, 7): [4, 9, 7]}
272: {(3, 4): [3, 1, 4], (4, 14): [4, 11, 14], (4, 7): [4, 9, 7]}
273: {(3, 4): [3, 1, 4], (4, 14): [4, 11, 14], (4, 7): [4, 9, 7]}
274: {(3, 4): [3, 1, 4], (4, 14): [4, 11, 14], (4, 7): [4, 5, 7]}
275: {(3, 4): [3, 1, 4], (4, 14): [4, 11, 14], (4, 7): [4, 9, 7]}
276: {(3, 4): [3, 1, 4], (4, 14): [4, 11, 14], (4, 7): [4, 5, 7]}
277: {(3, 4): [3, 1, 4], (4, 14): [4, 11, 14], (4, 7): [4, 9, 7]}
278: {(3, 4): [3, 1, 4], (4, 14): [4, 11, 14], (4, 7): [4, 5, 7]}
279: {(3, 4): [3, 1, 4], (4, 14): [4, 11, 14], (4, 7): [4, 9, 7]}
280: {(3, 4): [3, 1, 4], (4, 14): [4, 11, 14], (4, 7): [4, 5, 7]}
281: {(3, 4): [3, 1, 4], (4, 14): [4, 11, 14], (4, 7): [4, 5, 7]}
282: {(3, 4): [3, 1, 4], (4, 14): [4, 11, 14], (4, 7): [4, 9, 7]}
283: {(3, 4): [3, 1, 4], (4, 14): [4, 11, 14], (4, 7): [4, 9, 7]}
284: {(3, 4): [3, 1, 4], (4, 14): [4, 11, 14], (4, 7): [4, 9, 7]}
285: {(3, 4): [3, 1, 4], (4, 14): [4, 11, 14], (4, 7): [4, 9, 7]}
286: {(3, 4): [3, 1, 4], (4, 14): [4, 11, 14], (4, 7): [4, 9, 7]}
287: {(3, 4): [3, 1, 4], (4, 14): [4, 11, 14], (4, 7): [4, 5, 7]}
288: {(3, 4): [3, 1, 4], (4, 14): [4, 11, 14], (4, 7): [4, 9, 7]}
289: {(3, 4): [3, 1, 4], (4, 14): [4, 11, 14], (4, 7): [4, 9, 7]}
290: {(3, 4): [3, 1, 4], (4, 14): [4, 11, 14], (4, 7): [4, 5, 7]}
291: {(3, 4): [3, 1, 4], (4, 14): [4, 11, 14], (4, 7): [4, 5, 7]}
292: {(3, 4): [3, 1, 4], (4, 14): [4, 11, 14], (4, 7): [4, 5, 7]}
293: {(3, 4): [3, 1, 4], (4, 14): [4, 11, 14], (4, 7): [4, 9, 7]}
294: {(3, 4): [3, 1, 4], (4, 14): [4, 11, 14], (4, 7): [4, 9, 7]}
295: {(3, 4): [3, 1, 4], (4, 14): [4, 11, 14], (4, 7): [4, 9, 7]}
296: {(3, 4): [3, 1, 4], (4, 14): [4, 11, 14], (4, 7): [4, 9, 7]}
297: {(3, 4): [3, 1, 4], (4, 14): [4, 11, 14], (4, 7): [4, 9, 7]}
298: {(3, 4): [3, 1, 4], (4, 14): [4, 11, 14], (4, 7): [4, 9, 7]}
299: {(3, 4): [3, 1, 4], (4, 14): [4, 11, 14], (4, 7): [4, 9, 7]}
300: {(3, 4): [3, 1, 4], (4, 14): [4, 11, 14], (4, 7): [4, 9, 7]}
301: {(3, 4): [3, 1, 4], (4, 14): [4, 11, 14], (4, 7): [4, 5, 7]}
302: {(3, 4): [3, 1, 4], (4, 14): [4, 11, 14], (4, 7): [4, 9, 7]}
303: {(3, 4): [3, 1, 4], (4, 14): [4, 11, 14], (4, 7): [4, 5, 7]}
304: {(3, 4): [3, 1, 4], (4, 14): [4, 11, 14], (4, 7): [4, 5, 7]}
305: {(3, 4): [3, 1, 4], (4, 14): [4, 11, 14], (4, 7): [4, 5, 7]}
306: {(3, 4): [3, 1, 4], (4, 14): [4, 11, 14], (4, 7): [4, 5, 7]}
307: {(3, 4): [3, 1, 4], (4, 14): [4, 11, 14], (4, 7): [4, 5, 7]}
308: {(3, 4): [3, 1, 4], (4, 14): [4, 11, 14], (4, 7): [4, 9, 7]}
309: {(3, 4): [3, 1, 4], (4, 14): [4, 11, 14], (4, 7): [4, 9, 7]}
310: {(3, 4): [3, 1, 4], (4, 14): [4, 11, 14], (4, 7): [4, 9, 7]}
311: {(3, 4): [3, 1, 4], (4, 14): [4, 11, 14], (4, 7): [4, 9, 7]}
312: {(3, 4): [3, 1, 4], (4, 14): [4, 11, 14], (4, 7): [4, 9, 7]}
313: {(3, 4): [3, 1, 4], (4, 14): [4, 11, 14], (4, 7): [4, 9, 7]}
314: {(3, 4): [3, 1, 4], (4, 14): [4, 11, 14], (4, 7): [4, 9, 7]}
315: {(3, 4): [3, 1, 4], (4, 14): [4, 11, 14], (4, 7): [4, 9, 7]}
316: {(3, 4): [3, 1, 4], (4, 14): [4, 11, 14], (4, 7): [4, 5, 7]}
317: {(3, 4): [3, 1, 4], (4, 14): [4, 11, 14], (4, 7): [4, 5, 7]}
318: {(3, 4): [3, 1, 4], (4, 14): [4, 11, 14], (4, 7): [4, 5, 7]}
319: {(3, 4): [3, 1, 4], (4, 14): [4, 11, 14], (4, 7): [4, 5, 7]}
320: {(3, 4): [3, 1, 4], (4, 14): [4, 11, 14], (4, 7): [4, 5, 7]}
321: {(3, 4): [3, 1, 4], (4, 14): [4, 11, 14], (4, 7): [4, 5, 7]}
322: {(3, 4): [3, 1, 4], (4, 14): [4, 11, 14], (4, 7): [4, 5, 7]}
323: {(3, 4): [3, 1, 4], (4, 14): [4, 11, 14], (4, 7): [4, 9, 7]}
324: {(3, 4): [3, 1, 4], (4, 14): [4, 11, 14], (4, 7): [4, 9, 7]}
325: {(3, 4): [3, 1, 4], (4, 14): [4, 11, 14], (4, 7): [4, 9, 7]}
326: {(3, 4): [3, 1, 4], (4, 14): [4, 11, 14], (4, 7): [4, 9, 7]}
327: {(3, 4): [3, 1, 4], (4, 14): [4, 11, 14], (4, 7): [4, 9, 7]}
328: {(3, 4): [3, 1, 4], (4, 14): [4, 11, 14], (4, 7): [4, 9, 7]}
329: {(3, 4): [3, 1, 4], (4, 14): [4, 11, 14], (4, 7): [4, 9, 7]}
330: {(3, 4): [3, 1, 4], (4, 14): [4, 11, 14], (4, 7): [4, 9, 7]}
331: {(3, 4): [3, 1, 4], (4, 14): [4, 11, 14], (4, 7): [4, 9, 7]}
332: {(3, 4): [3, 1, 4], (4, 14): [4, 11, 14], (4, 7): [4, 5, 7]}
333: {(3, 4): [3, 1, 4], (4, 14): [4, 11, 14], (4, 7): [4, 5, 7]}
334: {(3, 4): [3, 1, 4], (4, 14): [4, 11, 14], (4, 7): [4, 5, 7]}
335: {(3, 4): [3, 1, 4], (4, 14): [4, 11, 14], (4, 7): [4, 5, 7]}
336: {(3, 4): [3, 1, 4], (4, 14): [4, 11, 14], (4, 7): [4, 5, 7]}
337: {(3, 4): [3, 1, 4], (4, 14): [4, 11, 14], (4, 7): [4, 5, 7]}
338: {(3, 4): [3, 1, 4], (4, 14): [4, 11, 14], (4, 7): [4, 9, 7]}
339: {(3, 4): [3, 1, 4], (4, 14): [4, 11, 14], (4, 7): [4, 9, 7]}
340: {(3, 4): [3, 1, 4], (4, 14): [4, 11, 14], (4, 7): [4, 9, 7]}
341: {(3, 4): [3, 1, 4], (4, 14): [4, 11, 14], (4, 7): [4, 9, 7]}
342: {(3, 4): [3, 1, 4], (4, 14): [4, 11, 14], (4, 7): [4, 9, 7]}
343: {(3, 4): [3, 1, 4], (4, 14): [4, 11, 14], (4, 7): [4, 9, 7]}
344: {(3, 4): [3, 1, 4], (4, 14): [4, 11, 14], (4, 7): [4, 9, 7]}
345: {(3, 4): [3, 1, 4], (4, 14): [4, 11, 14], (4, 7): [4, 9, 7]}
346: {(3, 4): [3, 1, 4], (4, 14): [4, 11, 14], (4, 7): [4, 9, 7]}
347: {(3, 4): [3, 1, 4], (4, 14): [4, 11, 14], (4, 7): [4, 5, 7]}
348: {(3, 4): [3, 1, 4], (4, 14): [4, 11, 14], (4, 7): [4, 5, 7]}
349: {(3, 4): [3, 1, 4], (4, 14): [4, 11, 14], (4, 7): [4, 5, 7]}
350: {(3, 4): [3, 1, 4], (4, 14): [4, 11, 14], (4, 7): [4, 5, 7]}
351: {(3, 4): [3, 1, 4], (4, 14): [4, 11, 14], (4, 7): [4, 5, 7]}
352: {(3, 4): [3, 1, 4], (4, 14): [4, 11, 14], (4, 7): [4, 5, 7]}
353: {(3, 4): [3, 1, 4], (4, 14): [4, 11, 14], (4, 7): [4, 5, 7]}
354: {(3, 4): [3, 1, 4], (4, 14): [4, 11, 14], (4, 7): [4, 5, 7]}
355: {(3, 4): [3, 1, 4], (4, 14): [4, 11, 14], (4, 7): [4, 5, 7]}
356: {(3, 4): [3, 1, 4], (4, 14): [4, 11, 14], (4, 7): [4, 5, 7]}
357: {(3, 4): [3, 1, 4], (4, 14): [4, 11, 14], (4, 7): [4, 9, 7]}
358: {(3, 4): [3, 1, 4], (4, 14): [4, 11, 14], (4, 7): [4, 9, 7]}
359: {(3, 4): [3, 1, 4], (4, 14): [4, 11, 14], (4, 7): [4, 9, 7]}
360: {(3, 4): [3, 1, 4], (4, 14): [4, 11, 14], (4, 7): [4, 9, 7]}
361: {(3, 4): [3, 1, 4], (4, 14): [4, 11, 14], (4, 7): [4, 9, 7]}
362: {(3, 4): [3, 1, 4], (4, 14): [4, 11, 14], (4, 7): [4, 9, 7]}
363: {(3, 4): [3, 1, 4], (4, 14): [4, 11, 14], (4, 7): [4, 9, 7]}
364: {(3, 4): [3, 1, 4], (4, 14): [4, 11, 14], (4, 7): [4, 5, 7]}
365: {(3, 4): [3, 1, 4], (4, 14): [4, 11, 14], (4, 7): [4, 5, 7]}
366: {(3, 4): [3, 1, 4], (4, 14): [4, 11, 14], (4, 7): [4, 5, 7]}
367: {(3, 4): [3, 1, 4], (4, 14): [4, 11, 14], (4, 7): [4, 5, 7]}
368: {(3, 4): [3, 1, 4], (4, 14): [4, 11, 14], (4, 7): [4, 5, 7]}
369: {(3, 4): [3, 1, 4], (4, 14): [4, 11, 14], (4, 7): [4, 5, 7]}
370: {(3, 4): [3, 1, 4], (4, 14): [4, 11, 14], (4, 7): [4, 5, 7]}
371: {(3, 4): [3, 1, 4], (4, 14): [4, 11, 14], (4, 7): [4, 5, 7]}
372: {(3, 4): [3, 1, 4], (4, 14): [4, 11, 14], (4, 7): [4, 9, 7]}
373: {(3, 4): [3, 1, 4], (4, 14): [4, 11, 14], (4, 7): [4, 9, 7]}
374: {(3, 4): [3, 1, 4], (4, 14): [4, 11, 14], (4, 7): [4, 9, 7]}
375: {(3, 4): [3, 1, 4], (4, 14): [4, 11, 14], (4, 7): [4, 9, 7]}
376: {(3, 4): [3, 1, 4], (4, 14): [4, 11, 14], (4, 7): [4, 9, 7]}
377: {(3, 4): [3, 1, 4], (4, 14): [4, 11, 14], (4, 7): [4, 9, 7]}
378: {(3, 4): [3, 1, 4], (4, 14): [4, 11, 14], (4, 7): [4, 9, 7]}
379: {(3, 4): [3, 1, 4], (4, 14): [4, 11, 14], (4, 7): [4, 9, 7]}
380: {(3, 4): [3, 1, 4], (4, 14): [4, 11, 14], (4, 7): [4, 9, 7]}
381: {(3, 4): [3, 1, 4], (4, 14): [4, 11, 14], (4, 7): [4, 9, 7]}
382: {(3, 4): [3, 1, 4], (4, 14): [4, 11, 14], (4, 7): [4, 5, 7]}
383: {(3, 4): [3, 1, 4], (4, 14): [4, 11, 14], (4, 7): [4, 5, 7]}
384: {(3, 4): [3, 1, 4], (4, 14): [4, 11, 14], (4, 7): [4, 5, 7]}
385: {(3, 4): [3, 1, 4], (4, 14): [4, 11, 14], (4, 7): [4, 5, 7]}
386: {(3, 4): [3, 1, 4], (4, 14): [4, 11, 14], (4, 7): [4, 5, 7]}
387: {(3, 4): [3, 1, 4], (4, 14): [4, 11, 14], (4, 7): [4, 5, 7]}
388: {(3, 4): [3, 1, 4], (4, 14): [4, 11, 14], (4, 7): [4, 5, 7]}
389: {(3, 4): [3, 1, 4], (4, 14): [4, 11, 14], (4, 7): [4, 9, 7]}
390: {(3, 4): [3, 1, 4], (4, 14): [4, 11, 14], (4, 7): [4, 9, 7]}
391: {(3, 4): [3, 1, 4], (4, 14): [4, 11, 14], (4, 7): [4, 9, 7]}
392: {(3, 4): [3, 1, 4], (4, 14): [4, 11, 14], (4, 7): [4, 9, 7]}
393: {(3, 4): [3, 1, 4], (4, 14): [4, 11, 14], (4, 7): [4, 9, 7]}
394: {(3, 4): [3, 1, 4], (4, 14): [4, 11, 14], (4, 7): [4, 9, 7]}
395: {(3, 4): [3, 1, 4], (4, 14): [4, 11, 14], (4, 7): [4, 5, 7]}
396: {(3, 4): [3, 1, 4], (4, 14): [4, 11, 14], (4, 7): [4, 5, 7]}
397: {(3, 4): [3, 1, 4], (4, 14): [4, 11, 14], (4, 7): [4, 5, 7]}
398: {(3, 4): [3, 1, 4], (4, 14): [4, 11, 14], (4, 7): [4, 5, 7]}
399: {(3, 4): [3, 1, 4], (4, 14): [4, 11, 14], (4, 7): [4, 5, 7]}
400: {(3, 4): [3, 1, 4], (4, 14): [4, 11, 14], (4, 7): [4, 5, 7]}
401: {(3, 4): [3, 1, 4], (4, 14): [4, 11, 14], (4, 7): [4, 5, 7]}
402: {(3, 4): [3, 1, 4], (4, 14): [4, 11, 14], (4, 7): [4, 5, 7]}
403: {(3, 4): [3, 1, 4], (4, 14): [4, 11, 14], (4, 7): [4, 5, 7]}
404: {(3, 4): [3, 1, 4], (4, 14): [4, 11, 14], (4, 7): [4, 5, 7]}
405: {(3, 4): [3, 1, 4], (4, 14): [4, 11, 14], (4, 7): [4, 5, 7]}
406: {(3, 4): [3, 1, 4], (4, 14): [4, 11, 14], (4, 7): [4, 5, 7]}
407: {(3, 4): [3, 1, 4], (4, 14): [4, 11, 14], (4, 7): [4, 9, 7]}
408: {(3, 4): [3, 1, 4], (4, 14): [4, 11, 14], (4, 7): [4, 5, 7]}
409: {(3, 4): [3, 1, 4], (4, 14): [4, 11, 14], (4, 7): [4, 5, 7]}
410: {(3, 4): [3, 1, 4], (4, 14): [4, 11, 14], (4, 7): [4, 5, 7]}
411: {(3, 4): [3, 1, 4], (4, 14): [4, 11, 14], (4, 7): [4, 5, 7]}
412: {(3, 4): [3, 1, 4], (4, 14): [4, 11, 14], (4, 7): [4, 5, 7]}
413: {(3, 4): [3, 1, 4], (4, 14): [4, 11, 14], (4, 7): [4, 9, 7]}
414: {(3, 4): [3, 1, 4], (4, 14): [4, 11, 14], (4, 7): [4, 9, 7]}
415: {(3, 4): [3, 1, 4], (4, 14): [4, 11, 14], (4, 7): [4, 9, 7]}
416: {(3, 4): [3, 1, 4], (4, 14): [4, 11, 14], (4, 7): [4, 9, 7]}
417: {(3, 4): [3, 1, 4], (4, 14): [4, 11, 14], (4, 7): [4, 9, 7]}
418: {(3, 4): [3, 1, 4], (4, 14): [4, 11, 14], (4, 7): [4, 5, 7]}
419: {(3, 4): [3, 1, 4], (4, 14): [4, 11, 14], (4, 7): [4, 5, 7]}
420: {(3, 4): [3, 1, 4], (4, 14): [4, 11, 14], (4, 7): [4, 9, 7]}
421: {(3, 4): [3, 1, 4], (4, 14): [4, 11, 14], (4, 7): [4, 5, 7]}
422: {(3, 4): [3, 1, 4], (4, 14): [4, 11, 14], (4, 7): [4, 5, 7]}
423: {(3, 4): [3, 1, 4], (4, 14): [4, 11, 14], (4, 7): [4, 5, 7]}
424: {(3, 4): [3, 1, 4], (4, 14): [4, 11, 14], (4, 7): [4, 5, 7]}
425: {(3, 4): [3, 1, 4], (4, 14): [4, 11, 14], (4, 7): [4, 5, 7]}
426: {(3, 4): [3, 1, 4], (4, 14): [4, 11, 14], (4, 7): [4, 5, 7]}
427: {(3, 4): [3, 1, 4], (4, 14): [4, 11, 14], (4, 7): [4, 5, 7]}
428: {(3, 4): [3, 1, 4], (4, 14): [4, 11, 14], (4, 7): [4, 5, 7]}
429: {(3, 4): [3, 1, 4], (4, 14): [4, 11, 14], (4, 7): [4, 9, 7]}
430: {(3, 4): [3, 1, 4], (4, 14): [4, 11, 14], (4, 7): [4, 9, 7]}
431: {(3, 4): [3, 1, 4], (4, 14): [4, 11, 14], (4, 7): [4, 9, 7]}
432: {(3, 4): [3, 1, 4], (4, 14): [4, 11, 14], (4, 7): [4, 9, 7]}
433: {(3, 4): [3, 1, 4], (4, 14): [4, 11, 14], (4, 7): [4, 9, 7]}
434: {(3, 4): [3, 1, 4], (4, 14): [4, 11, 14], (4, 7): [4, 9, 7]}
435: {(3, 4): [3, 1, 4], (4, 14): [4, 11, 14], (4, 7): [4, 5, 7]}
436: {(3, 4): [3, 1, 4], (4, 14): [4, 11, 14], (4, 7): [4, 5, 7]}
437: {(3, 4): [3, 1, 4], (4, 14): [4, 11, 14], (4, 7): [4, 5, 7]}
438: {(3, 4): [3, 1, 4], (4, 14): [4, 11, 14], (4, 7): [4, 5, 7]}
439: {(3, 4): [3, 1, 4], (4, 14): [4, 11, 14], (4, 7): [4, 5, 7]}
440: {(3, 4): [3, 1, 4], (4, 14): [4, 11, 14], (4, 7): [4, 5, 7]}
441: {(3, 4): [3, 1, 4], (4, 14): [4, 11, 14], (4, 7): [4, 5, 7]}
442: {(3, 4): [3, 1, 4], (4, 14): [4, 11, 14], (4, 7): [4, 5, 7]}
443: {(3, 4): [3, 1, 4], (4, 14): [4, 11, 14], (4, 7): [4, 5, 7]}
444: {(3, 4): [3, 1, 4], (4, 14): [4, 11, 14], (4, 7): [4, 5, 7]}
445: {(3, 4): [3, 1, 4], (4, 14): [4, 11, 14], (4, 7): [4, 9, 7]}
446: {(3, 4): [3, 1, 4], (4, 14): [4, 11, 14], (4, 7): [4, 9, 7]}
447: {(3, 4): [3, 1, 4], (4, 14): [4, 11, 14], (4, 7): [4, 9, 7]}
448: {(3, 4): [3, 1, 4], (4, 14): [4, 11, 14], (4, 7): [4, 9, 7]}
449: {(3, 4): [3, 1, 4], (4, 14): [4, 11, 14], (4, 7): [4, 9, 7]}
450: {(3, 4): [3, 1, 4], (4, 14): [4, 11, 14], (4, 7): [4, 5, 7]}
451: {(3, 4): [3, 1, 4], (4, 14): [4, 11, 14], (4, 7): [4, 5, 7]}
452: {(3, 4): [3, 1, 4], (4, 14): [4, 11, 14], (4, 7): [4, 5, 7]}
453: {(3, 4): [3, 1, 4], (4, 14): [4, 11, 14], (4, 7): [4, 5, 7]}
454: {(3, 4): [3, 1, 4], (4, 14): [4, 11, 14], (4, 7): [4, 5, 7]}
455: {(3, 4): [3, 1, 4], (4, 14): [4, 11, 14], (4, 7): [4, 5, 7]}
456: {(3, 4): [3, 1, 4], (4, 14): [4, 11, 14], (4, 7): [4, 5, 7]}
457: {(3, 4): [3, 1, 4], (4, 14): [4, 11, 14], (4, 7): [4, 5, 7]}
458: {(3, 4): [3, 1, 4], (4, 14): [4, 11, 14], (4, 7): [4, 5, 7]}
459: {(3, 4): [3, 1, 4], (4, 14): [4, 11, 14], (4, 7): [4, 5, 7]}
460: {(3, 4): [3, 1, 4], (4, 14): [4, 11, 14], (4, 7): [4, 9, 7]}
461: {(3, 4): [3, 1, 4], (4, 14): [4, 11, 14], (4, 7): [4, 9, 7]}
462: {(3, 4): [3, 1, 4], (4, 14): [4, 11, 14], (4, 7): [4, 9, 7]}
463: {(3, 4): [3, 1, 4], (4, 14): [4, 11, 14], (4, 7): [4, 9, 7]}
464: {(3, 4): [3, 1, 4], (4, 14): [4, 11, 14], (4, 7): [4, 9, 7]}
465: {(3, 4): [3, 1, 4], (4, 14): [4, 11, 14], (4, 7): [4, 9, 7]}
466: {(3, 4): [3, 1, 4], (4, 14): [4, 11, 14], (4, 7): [4, 5, 7]}
467: {(3, 4): [3, 1, 4], (4, 14): [4, 11, 14], (4, 7): [4, 5, 7]}
468: {(3, 4): [3, 1, 4], (4, 14): [4, 11, 14], (4, 7): [4, 5, 7]}
469: {(3, 4): [3, 1, 4], (4, 14): [4, 11, 14], (4, 7): [4, 5, 7]}
470: {(3, 4): [3, 1, 4], (4, 14): [4, 11, 14], (4, 7): [4, 5, 7]}
471: {(3, 4): [3, 1, 4], (4, 14): [4, 11, 14], (4, 7): [4, 5, 7]}
472: {(3, 4): [3, 1, 4], (4, 14): [4, 11, 14], (4, 7): [4, 5, 7]}
473: {(3, 4): [3, 1, 4], (4, 14): [4, 11, 14], (4, 7): [4, 5, 7]}
474: {(3, 4): [3, 1, 4], (4, 14): [4, 11, 14], (4, 7): [4, 5, 7]}
475: {(3, 4): [3, 1, 4], (4, 14): [4, 11, 14], (4, 7): [4, 9, 7]}
476: {(3, 4): [3, 1, 4], (4, 14): [4, 11, 14], (4, 7): [4, 9, 7]}
477: {(3, 4): [3, 1, 4], (4, 14): [4, 11, 14], (4, 7): [4, 9, 7]}
478: {(3, 4): [3, 1, 4], (4, 14): [4, 11, 14], (4, 7): [4, 9, 7]}
479: {(3, 4): [3, 1, 4], (4, 14): [4, 11, 14], (4, 7): [4, 9, 7]}
480: {(3, 4): [3, 1, 4], (4, 14): [4, 11, 14], (4, 7): [4, 5, 7]}
481: {(3, 4): [3, 1, 4], (4, 14): [4, 11, 14], (4, 7): [4, 5, 7]}
482: {(3, 4): [3, 1, 4], (4, 14): [4, 11, 14], (4, 7): [4, 5, 7]}
483: {(3, 4): [3, 1, 4], (4, 14): [4, 11, 14], (4, 7): [4, 5, 7]}
484: {(3, 4): [3, 1, 4], (4, 14): [4, 11, 14], (4, 7): [4, 5, 7]}
485: {(3, 4): [3, 1, 4], (4, 14): [4, 11, 14], (4, 7): [4, 5, 7]}
486: {(3, 4): [3, 1, 4], (4, 14): [4, 11, 14], (4, 7): [4, 5, 7]}
487: {(3, 4): [3, 1, 4], (4, 14): [4, 11, 14], (4, 7): [4, 5, 7]}
488: {(3, 4): [3, 1, 4], (4, 14): [4, 11, 14], (4, 7): [4, 5, 7]}
489: {(3, 4): [3, 1, 4], (4, 14): [4, 11, 14], (4, 7): [4, 5, 7]}
490: {(3, 4): [3, 1, 4], (4, 14): [4, 11, 14], (4, 7): [4, 5, 7]}
491: {(3, 4): [3, 1, 4], (4, 14): [4, 11, 14], (4, 7): [4, 5, 7]}
492: {(3, 4): [3, 1, 4], (4, 14): [4, 11, 14], (4, 7): [4, 5, 7]}
493: {(3, 4): [3, 1, 4], (4, 14): [4, 11, 14], (4, 7): [4, 5, 7]}
494: {(3, 4): [3, 1, 4], (4, 14): [4, 11, 14], (4, 7): [4, 5, 7]}
495: {(3, 4): [3, 1, 4], (4, 14): [4, 11, 14], (4, 7): [4, 5, 7]}
496: {(3, 4): [3, 1, 4], (4, 14): [4, 11, 14], (4, 7): [4, 5, 7]}
497: {(3, 4): [3, 1, 4], (4, 14): [4, 11, 14], (4, 7): [4, 5, 7]}
498: {(3, 4): [3, 1, 4], (4, 14): [4, 11, 14], (4, 7): [4, 5, 7]}
499: {(3, 4): [3, 1, 4], (4, 14): [4, 11, 14], (4, 7): [4, 5, 7]}
500: {(3, 4): [3, 1, 4], (4, 14): [4, 11, 14], (4, 7): [4, 5, 7]}
501: {(3, 4): [3, 1, 4], (4, 14): [4, 11, 14], (4, 7): [4, 5, 7]}
502: {(3, 4): [3, 1, 4], (4, 14): [4, 11, 14], (4, 7): [4, 5, 7]}
503: {(3, 4): [3, 1, 4], (4, 14): [4, 11, 14], (4, 7): [4, 5, 7]}
504: {(3, 4): [3, 1, 4], (4, 14): [4, 11, 14], (4, 7): [4, 5, 7]}
505: {(3, 4): [3, 1, 4], (4, 14): [4, 11, 14], (4, 7): [4, 5, 7]}
506: {(3, 4): [3, 1, 4], (4, 14): [4, 11, 14], (4, 7): [4, 5, 7]}
507: {(3, 4): [3, 1, 4], (4, 14): [4, 11, 14], (4, 7): [4, 5, 7]}
508: {(3, 4): [3, 1, 4], (4, 14): [4, 11, 14], (4, 7): [4, 5, 7]}
509: {(3, 4): [3, 1, 4], (4, 14): [4, 11, 14], (4, 7): [4, 5, 7]}
510: {(3, 4): [3, 1, 4], (4, 14): [4, 11, 14], (4, 7): [4, 5, 7]}
511: {(3, 4): [3, 1, 4], (4, 14): [4, 11, 14], (4, 7): [4, 5, 7]}
512: {(3, 4): [3, 1, 4], (4, 14): [4, 11, 14], (4, 7): [4, 5, 7]}
513: {(3, 4): [3, 1, 4], (4, 14): [4, 11, 14], (4, 7): [4, 5, 7]}
514: {(3, 4): [3, 1, 4], (4, 14): [4, 11, 14], (4, 7): [4, 5, 7]}
515: {(3, 4): [3, 1, 4], (4, 14): [4, 11, 14], (4, 7): [4, 5, 7]}
516: {(3, 4): [3, 1, 4], (4, 14): [4, 11, 14], (4, 7): [4, 5, 7]}
517: {(3, 4): [3, 1, 4], (4, 14): [4, 11, 14], (4, 7): [4, 9, 7]}
518: {(3, 4): [3, 1, 4], (4, 14): [4, 11, 14], (4, 7): [4, 5, 7]}
519: {(3, 4): [3, 1, 4], (4, 14): [4, 11, 14], (4, 7): [4, 5, 7]}
520: {(3, 4): [3, 1, 4], (4, 14): [4, 11, 14], (4, 7): [4, 9, 7]}
521: {(3, 4): [3, 1, 4], (4, 14): [4, 11, 14], (4, 7): [4, 9, 7]}
522: {(3, 4): [3, 1, 4], (4, 14): [4, 11, 14], (4, 7): [4, 5, 7]}
523: {(3, 4): [3, 1, 4], (4, 14): [4, 11, 14], (4, 7): [4, 5, 7]}
524: {(3, 4): [3, 1, 4], (4, 14): [4, 11, 14], (4, 7): [4, 5, 7]}
525: {(3, 4): [3, 1, 4], (4, 14): [4, 11, 14], (4, 7): [4, 5, 7]}
526: {(3, 4): [3, 1, 4], (4, 14): [4, 11, 14], (4, 7): [4, 5, 7]}
527: {(3, 4): [3, 1, 4], (4, 14): [4, 11, 14], (4, 7): [4, 5, 7]}
528: {(3, 4): [3, 1, 4], (4, 14): [4, 11, 14], (4, 7): [4, 5, 7]}
529: {(3, 4): [3, 1, 4], (4, 14): [4, 11, 14], (4, 7): [4, 5, 7]}
530: {(3, 4): [3, 1, 4], (4, 14): [4, 11, 14], (4, 7): [4, 5, 7]}
531: {(3, 4): [3, 1, 4], (4, 14): [4, 11, 14], (4, 7): [4, 5, 7]}
532: {(3, 4): [3, 1, 4], (4, 14): [4, 11, 14], (4, 7): [4, 5, 7]}
533: {(3, 4): [3, 1, 4], (4, 14): [4, 11, 14], (4, 7): [4, 5, 7]}
534: {(3, 4): [3, 1, 4], (4, 14): [4, 11, 14], (4, 7): [4, 5, 7]}
535: {(3, 4): [3, 1, 4], (4, 14): [4, 11, 14], (4, 7): [4, 5, 7]}
536: {(3, 4): [3, 1, 4], (4, 14): [4, 11, 14], (4, 7): [4, 5, 7]}
537: {(3, 4): [3, 1, 4], (4, 14): [4, 11, 14], (4, 7): [4, 5, 7]}
538: {(3, 4): [3, 1, 4], (4, 14): [4, 11, 14], (4, 7): [4, 5, 7]}
539: {(3, 4): [3, 1, 4], (4, 14): [4, 11, 14], (4, 7): [4, 9, 7]}
540: {(3, 4): [3, 1, 4], (4, 14): [4, 11, 14], (4, 7): [4, 9, 7]}
541: {(3, 4): [3, 1, 4], (4, 14): [4, 11, 14], (4, 7): [4, 9, 7]}
542: {(3, 4): [3, 1, 4], (4, 14): [4, 11, 14], (4, 7): [4, 5, 7]}
543: {(3, 4): [3, 1, 4], (4, 14): [4, 11, 14], (4, 7): [4, 5, 7]}
544: {(3, 4): [3, 1, 4], (4, 14): [4, 11, 14], (4, 7): [4, 5, 7]}
545: {(3, 4): [3, 1, 4], (4, 14): [4, 11, 14], (4, 7): [4, 5, 7]}
546: {(3, 4): [3, 1, 4], (4, 14): [4, 11, 14], (4, 7): [4, 5, 7]}
547: {(3, 4): [3, 1, 4], (4, 14): [4, 11, 14], (4, 7): [4, 5, 7]}
548: {(3, 4): [3, 1, 4], (4, 14): [4, 11, 14], (4, 7): [4, 5, 7]}
549: {(3, 4): [3, 1, 4], (4, 14): [4, 11, 14], (4, 7): [4, 5, 7]}
550: {(3, 4): [3, 1, 4], (4, 14): [4, 11, 14], (4, 7): [4, 5, 7]}
551: {(3, 4): [3, 1, 4], (4, 14): [4, 11, 14], (4, 7): [4, 5, 7]}
552: {(3, 4): [3, 1, 4], (4, 14): [4, 11, 14], (4, 7): [4, 5, 7]}
553: {(3, 4): [3, 1, 4], (4, 14): [4, 11, 14], (4, 7): [4, 5, 7]}
554: {(3, 4): [3, 1, 4], (4, 14): [4, 11, 14], (4, 7): [4, 5, 7]}
555: {(3, 4): [3, 1, 4], (4, 14): [4, 11, 14], (4, 7): [4, 5, 7]}
556: {(3, 4): [3, 1, 4], (4, 14): [4, 11, 14], (4, 7): [4, 5, 7]}
557: {(3, 4): [3, 1, 4], (4, 14): [4, 11, 14], (4, 7): [4, 5, 7]}
558: {(3, 4): [3, 1, 4], (4, 14): [4, 11, 14], (4, 7): [4, 5, 7]}
559: {(3, 4): [3, 1, 4], (4, 14): [4, 11, 14], (4, 7): [4, 5, 7]}
560: {(3, 4): [3, 1, 4], (4, 14): [4, 11, 14], (4, 7): [4, 5, 7]}
561: {(3, 4): [3, 1, 4], (4, 14): [4, 11, 14], (4, 7): [4, 5, 7]}
562: {(3, 4): [3, 1, 4], (4, 14): [4, 11, 14], (4, 7): [4, 5, 7]}
563: {(3, 4): [3, 1, 4], (4, 14): [4, 11, 14], (4, 7): [4, 5, 7]}
564: {(3, 4): [3, 1, 4], (4, 14): [4, 11, 14], (4, 7): [4, 5, 7]}
565: {(3, 4): [3, 1, 4], (4, 14): [4, 11, 14], (4, 7): [4, 5, 7]}
566: {(3, 4): [3, 1, 4], (4, 14): [4, 11, 14], (4, 7): [4, 5, 7]}
567: {(3, 4): [3, 1, 4], (4, 14): [4, 11, 14], (4, 7): [4, 5, 7]}
568: {(3, 4): [3, 1, 4], (4, 14): [4, 11, 14], (4, 7): [4, 5, 7]}
569: {(3, 4): [3, 1, 4], (4, 14): [4, 11, 14], (4, 7): [4, 5, 7]}
570: {(3, 4): [3, 1, 4], (4, 14): [4, 11, 14], (4, 7): [4, 5, 7]}
571: {(3, 4): [3, 1, 4], (4, 14): [4, 11, 14], (4, 7): [4, 5, 7]}
572: {(3, 4): [3, 1, 4], (4, 14): [4, 11, 14], (4, 7): [4, 5, 7]}
573: {(3, 4): [3, 1, 4], (4, 14): [4, 11, 14], (4, 7): [4, 5, 7]}
574: {(3, 4): [3, 1, 4], (4, 14): [4, 11, 14], (4, 7): [4, 5, 7]}
575: {(3, 4): [3, 1, 4], (4, 14): [4, 11, 14], (4, 7): [4, 5, 7]}
576: {(3, 4): [3, 1, 4], (4, 14): [4, 11, 14], (4, 7): [4, 5, 7]}
577: {(3, 4): [3, 1, 4], (4, 14): [4, 11, 14], (4, 7): [4, 5, 7]}
578: {(3, 4): [3, 1, 4], (4, 14): [4, 11, 14], (4, 7): [4, 5, 7]}
579: {(3, 4): [3, 1, 4], (4, 14): [4, 11, 14], (4, 7): [4, 5, 7]}
580: {(3, 4): [3, 1, 4], (4, 14): [4, 11, 14], (4, 7): [4, 5, 7]}
581: {(3, 4): [3, 1, 4], (4, 14): [4, 11, 14], (4, 7): [4, 5, 7]}
582: {(3, 4): [3, 1, 4], (4, 14): [4, 11, 14], (4, 7): [4, 5, 7]}
583: {(3, 4): [3, 1, 4], (4, 14): [4, 11, 14], (4, 7): [4, 5, 7]}
584: {(3, 4): [3, 1, 4], (4, 14): [4, 11, 14], (4, 7): [4, 5, 7]}
585: {(3, 4): [3, 1, 4], (4, 14): [4, 11, 14], (4, 7): [4, 5, 7]}
586: {(3, 4): [3, 1, 4], (4, 14): [4, 11, 14], (4, 7): [4, 5, 7]}
587: {(3, 4): [3, 1, 4], (4, 14): [4, 11, 14], (4, 7): [4, 5, 7]}
588: {(3, 4): [3, 1, 4], (4, 14): [4, 11, 14], (4, 7): [4, 5, 7]}
589: {(3, 4): [3, 1, 4], (4, 14): [4, 11, 14], (4, 7): [4, 5, 7]}
590: {(3, 4): [3, 1, 4], (4, 14): [4, 11, 14], (4, 7): [4, 5, 7]}
591: {(3, 4): [3, 1, 4], (4, 14): [4, 11, 14], (4, 7): [4, 5, 7]}
592: {(3, 4): [3, 1, 4], (4, 14): [4, 11, 14], (4, 7): [4, 5, 7]}
593: {(3, 4): [3, 1, 4], (4, 14): [4, 11, 14], (4, 7): [4, 5, 7]}
594: {(3, 4): [3, 1, 4], (4, 14): [4, 11, 14], (4, 7): [4, 5, 7]}
595: {(3, 4): [3, 1, 4], (4, 14): [4, 11, 14], (4, 7): [4, 5, 7]}
596: {(3, 4): [3, 1, 4], (4, 14): [4, 11, 14], (4, 7): [4, 5, 7]}
597: {(3, 4): [3, 1, 4], (4, 14): [4, 11, 14], (4, 7): [4, 5, 7]}
598: {(3, 4): [3, 1, 4], (4, 14): [4, 11, 14], (4, 7): [4, 5, 7]}
599: {(3, 4): [3, 1, 4], (4, 14): [4, 11, 14], (4, 7): [4, 5, 7]}
600: {(3, 4): [3, 1, 4], (4, 14): [4, 11, 14], (4, 7): [4, 5, 7]}
601: {(3, 4): [3, 1, 4], (4, 14): [4, 11, 14], (4, 7): [4, 5, 7]}
602: {(3, 4): [3, 1, 4], (4, 14): [4, 11, 14], (4, 7): [4, 5, 7]}
603: {(3, 4): [3, 1, 4], (4, 14): [4, 11, 14], (4, 7): [4, 5, 7]}
604: {(3, 4): [3, 1, 4], (4, 14): [4, 11, 14], (4, 7): [4, 5, 7]}
605: {(3, 4): [3, 1, 4], (4, 14): [4, 11, 14], (4, 7): [4, 5, 7]}
606: {(3, 4): [3, 1, 4], (4, 14): [4, 11, 14], (4, 7): [4, 5, 7]}
607: {(3, 4): [3, 1, 4], (4, 14): [4, 11, 14], (4, 7): [4, 5, 7]}
608: {(3, 4): [3, 1, 4], (4, 14): [4, 11, 14], (4, 7): [4, 5, 7]}
609: {(3, 4): [3, 1, 4], (4, 14): [4, 11, 14], (4, 7): [4, 5, 7]}
610: {(3, 4): [3, 1, 4], (4, 14): [4, 11, 14], (4, 7): [4, 5, 7]}
611: {(3, 4): [3, 1, 4], (4, 14): [4, 11, 14], (4, 7): [4, 5, 7]}
612: {(3, 4): [3, 1, 4], (4, 14): [4, 11, 14], (4, 7): [4, 5, 7]}
613: {(3, 4): [3, 1, 4], (4, 14): [4, 11, 14], (4, 7): [4, 5, 7]}
614: {(3, 4): [3, 1, 4], (4, 14): [4, 11, 14], (4, 7): [4, 5, 7]}
615: {(3, 4): [3, 1, 4], (4, 14): [4, 11, 14], (4, 7): [4, 5, 7]}
616: {(3, 4): [3, 1, 4], (4, 14): [4, 11, 14], (4, 7): [4, 5, 7]}
617: {(3, 4): [3, 1, 4], (4, 14): [4, 11, 14], (4, 7): [4, 5, 7]}
618: {(3, 4): [3, 1, 4], (4, 14): [4, 11, 14], (4, 7): [4, 5, 7]}
619: {(3, 4): [3, 1, 4], (4, 14): [4, 11, 14], (4, 7): [4, 5, 7]}
620: {(3, 4): [3, 1, 4], (4, 14): [4, 11, 14], (4, 7): [4, 5, 7]}
621: {(3, 4): [3, 1, 4], (4, 14): [4, 11, 14], (4, 7): [4, 5, 7]}
622: {(3, 4): [3, 1, 4], (4, 14): [4, 11, 14], (4, 7): [4, 5, 7]}
623: {(3, 4): [3, 1, 4], (4, 14): [4, 11, 14], (4, 7): [4, 5, 7]}
624: {(3, 4): [3, 1, 4], (4, 14): [4, 11, 14], (4, 7): [4, 5, 7]}
625: {(3, 4): [3, 1, 4], (4, 14): [4, 11, 14], (4, 7): [4, 5, 7]}
626: {(3, 4): [3, 1, 4], (4, 14): [4, 11, 14], (4, 7): [4, 5, 7]}
627: {(3, 4): [3, 1, 4], (4, 14): [4, 11, 14], (4, 7): [4, 5, 7]}
628: {(3, 4): [3, 1, 4], (4, 14): [4, 11, 14], (4, 7): [4, 5, 7]}
629: {(3, 4): [3, 1, 4], (4, 14): [4, 11, 14], (4, 7): [4, 5, 7]}
630: {(3, 4): [3, 1, 4], (4, 14): [4, 11, 14], (4, 7): [4, 5, 7]}
631: {(3, 4): [3, 1, 4], (4, 14): [4, 11, 14], (4, 7): [4, 5, 7]}
632: {(3, 4): [3, 1, 4], (4, 14): [4, 11, 14], (4, 7): [4, 5, 7]}
633: {(3, 4): [3, 1, 4], (4, 14): [4, 11, 14], (4, 7): [4, 5, 7]}
634: {(3, 4): [3, 1, 4], (4, 14): [4, 11, 14], (4, 7): [4, 5, 7]}
635: {(3, 4): [3, 1, 4], (4, 14): [4, 11, 14], (4, 7): [4, 5, 7]}
636: {(3, 4): [3, 1, 4], (4, 14): [4, 11, 14], (4, 7): [4, 5, 7]}
637: {(3, 4): [3, 1, 4], (4, 14): [4, 11, 14], (4, 7): [4, 5, 7]}
638: {(3, 4): [3, 1, 4], (4, 14): [4, 11, 14], (4, 7): [4, 5, 7]}
639: {(3, 4): [3, 1, 4], (4, 14): [4, 11, 14], (4, 7): [4, 5, 7]}
640: {(3, 4): [3, 1, 4], (4, 14): [4, 11, 14], (4, 7): [4, 5, 7]}
641: {(3, 4): [3, 1, 4], (4, 14): [4, 11, 14], (4, 7): [4, 5, 7]}
642: {(3, 4): [3, 1, 4], (4, 14): [4, 11, 14], (4, 7): [4, 5, 7]}
643: {(3, 4): [3, 1, 4], (4, 14): [4, 11, 14], (4, 7): [4, 5, 7]}
644: {(3, 4): [3, 1, 4], (4, 14): [4, 11, 14], (4, 7): [4, 5, 7]}
645: {(3, 4): [3, 1, 4], (4, 14): [4, 11, 14], (4, 7): [4, 5, 7]}
646: {(3, 4): [3, 1, 4], (4, 14): [4, 11, 14], (4, 7): [4, 5, 7]}
647: {(3, 4): [3, 1, 4], (4, 14): [4, 11, 14], (4, 7): [4, 5, 7]}
648: {(3, 4): [3, 1, 4], (4, 14): [4, 11, 14], (4, 7): [4, 5, 7]}
649: {(3, 4): [3, 1, 4], (4, 14): [4, 11, 14], (4, 7): [4, 5, 7]}
650: {(3, 4): [3, 1, 4], (4, 14): [4, 11, 14], (4, 7): [4, 5, 7]}
651: {(3, 4): [3, 1, 4], (4, 14): [4, 11, 14], (4, 7): [4, 5, 7]}
652: {(3, 4): [3, 1, 4], (4, 14): [4, 11, 14], (4, 7): [4, 5, 7]}
653: {(3, 4): [3, 1, 4], (4, 14): [4, 11, 14], (4, 7): [4, 5, 7]}
654: {(3, 4): [3, 1, 4], (4, 14): [4, 11, 14], (4, 7): [4, 5, 7]}
655: {(3, 4): [3, 1, 4], (4, 14): [4, 11, 14], (4, 7): [4, 5, 7]}
656: {(3, 4): [3, 1, 4], (4, 14): [4, 11, 14], (4, 7): [4, 5, 7]}
657: {(3, 4): [3, 1, 4], (4, 14): [4, 11, 14], (4, 7): [4, 5, 7]}
658: {(3, 4): [3, 1, 4], (4, 14): [4, 11, 14], (4, 7): [4, 5, 7]}
659: {(3, 4): [3, 1, 4], (4, 14): [4, 11, 14], (4, 7): [4, 5, 7]}
660: {(3, 4): [3, 1, 4], (4, 14): [4, 11, 14], (4, 7): [4, 5, 7]}
661: {(3, 4): [3, 1, 4], (4, 14): [4, 11, 14], (4, 7): [4, 5, 7]}
662: {(3, 4): [3, 1, 4], (4, 14): [4, 11, 14], (4, 7): [4, 5, 7]}
663: {(3, 4): [3, 1, 4], (4, 14): [4, 11, 14], (4, 7): [4, 5, 7]}
664: {(3, 4): [3, 1, 4], (4, 14): [4, 11, 14], (4, 7): [4, 5, 7]}
665: {(3, 4): [3, 1, 4], (4, 14): [4, 11, 14], (4, 7): [4, 5, 7]}
666: {(3, 4): [3, 1, 4], (4, 14): [4, 11, 14], (4, 7): [4, 5, 7]}
667: {(3, 4): [3, 1, 4], (4, 14): [4, 11, 14], (4, 7): [4, 5, 7]}
668: {(3, 4): [3, 1, 4], (4, 14): [4, 11, 14], (4, 7): [4, 5, 7]}
669: {(3, 4): [3, 1, 4], (4, 14): [4, 11, 14], (4, 7): [4, 5, 7]}
670: {(3, 4): [3, 1, 4], (4, 14): [4, 11, 14], (4, 7): [4, 5, 7]}
671: {(3, 4): [3, 1, 4], (4, 14): [4, 11, 14], (4, 7): [4, 5, 7]}
672: {(3, 4): [3, 1, 4], (4, 14): [4, 11, 14], (4, 7): [4, 5, 7]}
673: {(3, 4): [3, 1, 4], (4, 14): [4, 11, 14], (4, 7): [4, 5, 7]}
674: {(3, 4): [3, 1, 4], (4, 14): [4, 11, 14], (4, 7): [4, 5, 7]}
675: {(3, 4): [3, 1, 4], (4, 14): [4, 11, 14], (4, 7): [4, 5, 7]}
676: {(3, 4): [3, 1, 4], (4, 14): [4, 11, 14], (4, 7): [4, 5, 7]}
677: {(3, 4): [3, 1, 4], (4, 14): [4, 11, 14], (4, 7): [4, 5, 7]}
678: {(3, 4): [3, 1, 4], (4, 14): [4, 11, 14], (4, 7): [4, 5, 7]}
679: {(3, 4): [3, 1, 4], (4, 14): [4, 11, 14], (4, 7): [4, 5, 7]}
680: {(3, 4): [3, 1, 4], (4, 14): [4, 11, 14], (4, 7): [4, 5, 7]}
681: {(3, 4): [3, 1, 4], (4, 14): [4, 11, 14], (4, 7): [4, 5, 7]}
682: {(3, 4): [3, 1, 4], (4, 14): [4, 11, 14], (4, 7): [4, 5, 7]}
683: {(3, 4): [3, 1, 4], (4, 14): [4, 11, 14], (4, 7): [4, 5, 7]}
684: {(3, 4): [3, 1, 4], (4, 14): [4, 11, 14], (4, 7): [4, 5, 7]}
685: {(3, 4): [3, 1, 4], (4, 14): [4, 11, 14], (4, 7): [4, 5, 7]}
686: {(3, 4): [3, 1, 4], (4, 14): [4, 11, 14], (4, 7): [4, 5, 7]}
687: {(3, 4): [3, 1, 4], (4, 14): [4, 11, 14], (4, 7): [4, 5, 7]}
688: {(3, 4): [3, 1, 4], (4, 14): [4, 11, 14], (4, 7): [4, 5, 7]}
689: {(3, 4): [3, 1, 4], (4, 14): [4, 11, 14], (4, 7): [4, 5, 7]}
690: {(3, 4): [3, 1, 4], (4, 14): [4, 11, 14], (4, 7): [4, 5, 7]}
691: {(3, 4): [3, 1, 4], (4, 14): [4, 11, 14], (4, 7): [4, 5, 7]}
692: {(3, 4): [3, 1, 4], (4, 14): [4, 11, 14], (4, 7): [4, 5, 7]}
693: {(3, 4): [3, 1, 4], (4, 14): [4, 11, 14], (4, 7): [4, 5, 7]}
694: {(3, 4): [3, 1, 4], (4, 14): [4, 11, 14], (4, 7): [4, 5, 7]}
695: {(3, 4): [3, 1, 4], (4, 14): [4, 11, 14], (4, 7): [4, 5, 7]}
696: {(3, 4): [3, 1, 4], (4, 14): [4, 11, 14], (4, 7): [4, 5, 7]}
697: {(3, 4): [3, 1, 4], (4, 14): [4, 11, 14], (4, 7): [4, 5, 7]}
698: {(3, 4): [3, 1, 4], (4, 14): [4, 11, 14], (4, 7): [4, 5, 7]}
699: {(3, 4): [3, 1, 4], (4, 14): [4, 11, 14], (4, 7): [4, 5, 7]}
700: {(3, 4): [3, 1, 4], (4, 14): [4, 11, 14], (4, 7): [4, 5, 7]}
701: {(3, 4): [3, 1, 4], (4, 14): [4, 11, 14], (4, 7): [4, 5, 7]}
702: {(3, 4): [3, 1, 4], (4, 14): [4, 11, 14], (4, 7): [4, 5, 7]}
703: {(3, 4): [3, 1, 4], (4, 14): [4, 11, 14], (4, 7): [4, 5, 7]}
704: {(3, 4): [3, 1, 4], (4, 14): [4, 11, 14], (4, 7): [4, 5, 7]}
705: {(3, 4): [3, 1, 4], (4, 14): [4, 11, 14], (4, 7): [4, 5, 7]}
706: {(3, 4): [3, 1, 4], (4, 14): [4, 11, 14], (4, 7): [4, 5, 7]}
707: {(3, 4): [3, 1, 4], (4, 14): [4, 11, 14], (4, 7): [4, 5, 7]}
708: {(3, 4): [3, 1, 4], (4, 14): [4, 11, 14], (4, 7): [4, 5, 7]}
709: {(3, 4): [3, 1, 4], (4, 14): [4, 11, 14], (4, 7): [4, 5, 7]}
710: {(3, 4): [3, 1, 4], (4, 14): [4, 11, 14], (4, 7): [4, 5, 7]}
711: {(3, 4): [3, 1, 4], (4, 14): [4, 11, 14], (4, 7): [4, 5, 7]}
712: {(3, 4): [3, 1, 4], (4, 14): [4, 11, 14], (4, 7): [4, 5, 7]}
713: {(3, 4): [3, 1, 4], (4, 14): [4, 11, 14], (4, 7): [4, 5, 7]}
714: {(3, 4): [3, 1, 4], (4, 14): [4, 11, 14], (4, 7): [4, 5, 7]}
715: {(3, 4): [3, 1, 4], (4, 14): [4, 11, 14], (4, 7): [4, 5, 7]}
716: {(3, 4): [3, 1, 4], (4, 14): [4, 11, 14], (4, 7): [4, 5, 7]}
717: {(3, 4): [3, 1, 4], (4, 14): [4, 11, 14], (4, 7): [4, 5, 7]}
718: {(3, 4): [3, 1, 4], (4, 14): [4, 11, 14], (4, 7): [4, 5, 7]}
719: {(3, 4): [3, 1, 4], (4, 14): [4, 11, 14], (4, 7): [4, 5, 7]}
720: {(3, 4): [3, 1, 4], (4, 14): [4, 11, 14], (4, 7): [4, 5, 7]}
721: {(3, 4): [3, 1, 4], (4, 14): [4, 11, 14], (4, 7): [4, 5, 7]}
722: {(3, 4): [3, 1, 4], (4, 14): [4, 11, 14], (4, 7): [4, 5, 7]}
723: {(3, 4): [3, 1, 4], (4, 14): [4, 11, 14], (4, 7): [4, 5, 7]}
724: {(3, 4): [3, 1, 4], (4, 14): [4, 11, 14], (4, 7): [4, 5, 7]}
725: {(3, 4): [3, 1, 4], (4, 14): [4, 11, 14], (4, 7): [4, 5, 7]}
726: {(3, 4): [3, 1, 4], (4, 14): [4, 11, 14], (4, 7): [4, 5, 7]}
727: {(3, 4): [3, 1, 4], (4, 14): [4, 11, 14], (4, 7): [4, 5, 7]}
728: {(3, 4): [3, 1, 4], (4, 14): [4, 11, 14], (4, 7): [4, 5, 7]}
729: {(3, 4): [3, 1, 4], (4, 14): [4, 11, 14], (4, 7): [4, 5, 7]}
730: {(3, 4): [3, 1, 4], (4, 14): [4, 11, 14], (4, 7): [4, 5, 7]}
731: {(3, 4): [3, 1, 4], (4, 14): [4, 11, 14], (4, 7): [4, 5, 7]}
732: {(3, 4): [3, 1, 4], (4, 14): [4, 11, 14], (4, 7): [4, 5, 7]}
733: {(3, 4): [3, 1, 4], (4, 14): [4, 11, 14], (4, 7): [4, 5, 7]}
734: {(3, 4): [3, 1, 4], (4, 14): [4, 11, 14], (4, 7): [4, 5, 7]}
735: {(3, 4): [3, 1, 4], (4, 14): [4, 11, 14], (4, 7): [4, 5, 7]}
736: {(3, 4): [3, 1, 4], (4, 14): [4, 11, 14], (4, 7): [4, 5, 7]}
737: {(3, 4): [3, 1, 4], (4, 14): [4, 11, 14], (4, 7): [4, 5, 7]}
738: {(3, 4): [3, 1, 4], (4, 14): [4, 11, 14], (4, 7): [4, 5, 7]}
739: {(3, 4): [3, 1, 4], (4, 14): [4, 11, 14], (4, 7): [4, 5, 7]}
740: {(3, 4): [3, 1, 4], (4, 14): [4, 11, 14], (4, 7): [4, 5, 7]}
741: {(3, 4): [3, 1, 4], (4, 14): [4, 11, 14], (4, 7): [4, 5, 7]}
742: {(3, 4): [3, 1, 4], (4, 14): [4, 11, 14], (4, 7): [4, 5, 7]}
743: {(3, 4): [3, 1, 4], (4, 14): [4, 11, 14], (4, 7): [4, 5, 7]}
744: {(3, 4): [3, 1, 4], (4, 14): [4, 11, 14], (4, 7): [4, 5, 7]}
745: {(3, 4): [3, 1, 4], (4, 14): [4, 11, 14], (4, 7): [4, 5, 7]}
746: {(3, 4): [3, 1, 4], (4, 14): [4, 11, 14], (4, 7): [4, 5, 7]}
747: {(3, 4): [3, 1, 4], (4, 14): [4, 11, 14], (4, 7): [4, 5, 7]}
748: {(3, 4): [3, 1, 4], (4, 14): [4, 11, 14], (4, 7): [4, 5, 7]}
749: {(3, 4): [3, 1, 4], (4, 14): [4, 11, 14], (4, 7): [4, 5, 7]}
750: {(3, 4): [3, 1, 4], (4, 14): [4, 11, 14], (4, 7): [4, 5, 7]}
751: {(3, 4): [3, 1, 4], (4, 14): [4, 11, 14], (4, 7): [4, 5, 7]}
752: {(3, 4): [3, 1, 4], (4, 14): [4, 11, 14], (4, 7): [4, 5, 7]}
753: {(3, 4): [3, 1, 4], (4, 14): [4, 11, 14], (4, 7): [4, 5, 7]}
754: {(3, 4): [3, 1, 4], (4, 14): [4, 11, 14], (4, 7): [4, 5, 7]}
755: {(3, 4): [3, 1, 4], (4, 7): [4, 5, 7], (4, 14): [4, 5, 8, 14]}
756: {(3, 14): [3, 1, 11, 14], (14, 4): [14, 11, 4], (14, 7): [14, 14, 14, 14]}
757: {(3, 14): [3, 1, 11, 14], (14, 4): [14, 11, 4], (14, 7): [14, 14, 14, 14]}
758: {(3, 14): [3, 1, 11, 14], (14, 4): [14, 11, 4], (14, 7): [14, 14, 14, 14]}
759: {(3, 14): [3, 1, 11, 14], (14, 4): [14, 11, 4], (14, 7): [14, 14, 14, 14]}
760: {(3, 14): [3, 1, 11, 14], (14, 4): [14, 11, 4], (14, 7): [14, 14, 14, 14]}
761: {(3, 14): [3, 1, 11, 14], (14, 4): [14, 11, 4], (14, 7): [14, 14, 14, 14]}
762: {(3, 14): [3, 1, 11, 14], (14, 4): [14, 11, 4], (14, 7): [14, 14, 14, 14]}
763: {(3, 14): [3, 1, 11, 14], (14, 4): [14, 11, 4], (14, 7): [14, 14, 14, 14]}
764: {(3, 14): [3, 1, 11, 14], (14, 4): [14, 11, 4], (14, 7): [14, 14, 14, 14]}
765: {(3, 14): [3, 1, 11, 14], (14, 4): [14, 11, 4], (14, 7): [14, 14, 14, 14]}
766: {(3, 14): [3, 1, 11, 14], (14, 4): [14, 11, 4], (14, 7): [14, 14, 14, 14]}
767: {(3, 14): [3, 1, 11, 14], (14, 4): [14, 11, 4], (14, 7): [14, 14, 14, 14]}
768: {(3, 14): [3, 1, 11, 14], (14, 4): [14, 11, 4], (14, 7): [14, 14, 14, 14]}
769: {(3, 14): [3, 1, 11, 14], (14, 4): [14, 11, 4], (14, 7): [14, 14, 14, 14]}
770: {(3, 14): [3, 1, 11, 14], (14, 4): [14, 11, 4], (14, 7): [14, 14, 14, 14]}
771: {(3, 14): [3, 1, 11, 14], (14, 4): [14, 11, 4], (14, 7): [14, 14, 14, 14]}
772: {(3, 14): [3, 1, 11, 14], (14, 4): [14, 11, 4], (14, 7): [14, 14, 14, 14]}
773: {(3, 14): [3, 1, 11, 14], (14, 4): [14, 11, 4], (14, 7): [14, 14, 14, 14]}
774: {(3, 14): [3, 1, 11, 14], (14, 4): [14, 11, 4], (14, 7): [14, 14, 14, 14]}
775: {(3, 14): [3, 1, 11, 14], (14, 4): [14, 11, 4], (14, 7): [14, 14, 14, 14]}
776: {(3, 14): [3, 1, 11, 14], (14, 4): [14, 11, 4], (14, 7): [14, 14, 14, 14]}
777: {(3, 14): [3, 1, 11, 14], (14, 4): [14, 11, 4], (14, 7): [14, 14, 14, 14]}
778: {(3, 14): [3, 1, 11, 14], (14, 4): [14, 11, 4], (14, 7): [14, 14, 14, 14]}
779: {(3, 14): [3, 1, 11, 14], (14, 4): [14, 11, 4], (14, 7): [14, 14, 14, 14]}
780: {(3, 14): [3, 1, 11, 14], (14, 4): [14, 11, 4], (14, 7): [14, 14, 14, 14]}
781: {(3, 14): [3, 1, 11, 14], (14, 4): [14, 11, 4], (14, 7): [14, 14, 14, 14]}
782: {(3, 14): [3, 1, 11, 14], (14, 4): [14, 11, 4], (14, 7): [14, 14, 14, 14]}
783: {(3, 14): [3, 1, 11, 14], (14, 4): [14, 11, 4], (14, 7): [14, 14, 14, 14]}
784: {(3, 14): [3, 1, 11, 14], (14, 4): [14, 11, 4], (14, 7): [14, 14, 14, 14]}
785: {(3, 14): [3, 1, 11, 14], (14, 4): [14, 11, 4], (14, 7): [14, 14, 14, 14]}
786: {(3, 14): [3, 1, 11, 14], (14, 4): [14, 11, 4], (14, 7): [14, 14, 14, 14]}
787: {(3, 14): [3, 1, 11, 14], (14, 4): [14, 11, 4], (14, 7): [14, 14, 14, 14]}
788: {(3, 14): [3, 1, 11, 14], (14, 4): [14, 11, 4], (14, 7): [14, 14, 14, 14]}
789: {(3, 14): [3, 1, 11, 14], (14, 4): [14, 11, 4], (14, 7): [14, 14, 14, 14]}
790: {(3, 14): [3, 1, 11, 14], (14, 4): [14, 11, 4], (14, 7): [14, 14, 14, 14]}
791: {(3, 14): [3, 1, 11, 14], (14, 4): [14, 11, 4], (14, 7): [14, 14, 14, 14]}
792: {(3, 14): [3, 1, 11, 14], (14, 4): [14, 11, 4], (14, 7): [14, 14, 14, 14]}
793: {(3, 14): [3, 1, 11, 14], (14, 4): [14, 11, 4], (14, 7): [14, 14, 14, 14]}
794: {(3, 14): [3, 1, 11, 14], (14, 4): [14, 11, 4], (14, 7): [14, 14, 14, 14]}
795: {(3, 14): [3, 1, 11, 14], (14, 4): [14, 11, 4], (14, 7): [14, 14, 14, 14]}
796: {(3, 14): [3, 1, 11, 14], (14, 4): [14, 11, 4], (14, 7): [14, 14, 14, 14]}
797: {(3, 14): [3, 1, 11, 14], (14, 4): [14, 11, 4], (14, 7): [14, 14, 14, 14]}
798: {(3, 14): [3, 1, 11, 14], (14, 4): [14, 11, 4], (14, 7): [14, 14, 14, 14]}
799: {(3, 14): [3, 1, 11, 14], (14, 4): [14, 11, 4], (14, 7): [14, 14, 14, 14]}
800: {(3, 14): [3, 1, 11, 14], (14, 4): [14, 11, 4], (14, 7): [14, 14, 14, 14]}
801: {(3, 14): [3, 1, 11, 14], (14, 4): [14, 11, 4], (14, 7): [14, 14, 14, 14]}
802: {(3, 14): [3, 1, 11, 14], (14, 4): [14, 11, 4], (14, 7): [14, 14, 14, 14]}
803: {(3, 14): [3, 1, 11, 14], (14, 4): [14, 11, 4], (14, 7): [14, 14, 14, 14]}
804: {(3, 14): [3, 1, 11, 14], (14, 4): [14, 11, 4], (14, 7): [14, 14, 14, 14]}
805: {(3, 14): [3, 1, 11, 14], (14, 4): [14, 11, 4], (14, 7): [14, 14, 14, 14]}
806: {(3, 14): [3, 1, 11, 14], (14, 4): [14, 11, 4], (14, 7): [14, 14, 14, 14]}
807: {(3, 14): [3, 1, 11, 14], (14, 4): [14, 11, 4], (14, 7): [14, 14, 14, 14]}
808: {(3, 14): [3, 1, 11, 14], (14, 4): [14, 11, 4], (14, 7): [14, 14, 14, 14]}
809: {(3, 14): [3, 1, 11, 14], (14, 4): [14, 11, 4], (14, 7): [14, 14, 14, 14]}
810: {(3, 14): [3, 1, 11, 14], (14, 4): [14, 11, 4], (14, 7): [14, 14, 14, 14]}
811: {(3, 14): [3, 1, 11, 14], (14, 4): [14, 11, 4], (14, 7): [14, 14, 14, 14]}
812: {(3, 14): [3, 1, 11, 14], (14, 4): [14, 11, 4], (14, 7): [14, 14, 14, 14]}
813: {(3, 14): [3, 1, 11, 14], (14, 4): [14, 11, 4], (14, 7): [14, 14, 14, 14]}
814: {(3, 14): [3, 1, 11, 14], (14, 4): [14, 11, 4], (14, 7): [14, 14, 14, 14]}
815: {(3, 14): [3, 1, 11, 14], (14, 4): [14, 11, 4], (14, 7): [14, 14, 14, 14]}
816: {(3, 14): [3, 1, 11, 14], (14, 4): [14, 11, 4], (14, 7): [14, 14, 14, 14]}
817: {(3, 14): [3, 1, 11, 14], (14, 4): [14, 11, 4], (14, 7): [14, 14, 14, 14]}
818: {(3, 14): [3, 1, 11, 14], (14, 4): [14, 11, 4], (14, 7): [14, 14, 14, 14]}
819: {(3, 14): [3, 1, 11, 14], (14, 4): [14, 11, 4], (14, 7): [14, 14, 14, 14]}
820: {(3, 14): [3, 1, 11, 14], (14, 4): [14, 11, 4], (14, 7): [14, 14, 14, 14]}
821: {(3, 14): [3, 1, 11, 14], (14, 4): [14, 11, 4], (14, 7): [14, 14, 14, 14]}
822: {(3, 14): [3, 1, 11, 14], (14, 4): [14, 11, 4], (14, 7): [14, 14, 14, 14]}
823: {(3, 14): [3, 1, 11, 14], (14, 4): [14, 11, 4], (14, 7): [14, 14, 14, 14]}
824: {(3, 14): [3, 1, 11, 14], (14, 4): [14, 11, 4], (14, 7): [14, 14, 14, 14]}
825: {(3, 14): [3, 1, 11, 14], (14, 4): [14, 11, 4], (14, 7): [14, 14, 14, 14]}
826: {(3, 14): [3, 1, 11, 14], (14, 4): [14, 11, 4], (14, 7): [14, 14, 14, 14]}
827: {(3, 14): [3, 1, 11, 14], (14, 4): [14, 11, 4], (14, 7): [14, 14, 14, 14]}
828: {(3, 14): [3, 1, 11, 14], (14, 4): [14, 11, 4], (14, 7): [14, 14, 14, 14]}
829: {(3, 14): [3, 1, 11, 14], (14, 4): [14, 11, 4], (14, 7): [14, 14, 14, 14]}
830: {(3, 14): [3, 1, 11, 14], (14, 4): [14, 11, 4], (14, 7): [14, 14, 14, 14]}
831: {(3, 14): [3, 1, 11, 14], (14, 4): [14, 11, 4], (14, 7): [14, 14, 14, 14]}
832: {(3, 14): [3, 1, 11, 14], (14, 4): [14, 11, 4], (14, 7): [14, 14, 14, 14]}
833: {(3, 14): [3, 1, 11, 14], (14, 4): [14, 11, 4], (14, 7): [14, 14, 14, 14]}
834: {(3, 14): [3, 1, 11, 14], (14, 4): [14, 11, 4], (14, 7): [14, 14, 14, 14]}
835: {(3, 14): [3, 1, 11, 14], (14, 4): [14, 11, 4], (14, 7): [14, 14, 14, 14]}
836: {(3, 14): [3, 1, 11, 14], (14, 4): [14, 11, 4], (14, 7): [14, 14, 14, 14]}
837: {(3, 14): [3, 1, 11, 14], (14, 4): [14, 11, 4], (14, 7): [14, 14, 14, 14]}
838: {(3, 14): [3, 1, 11, 14], (14, 4): [14, 11, 4], (14, 7): [14, 14, 14, 14]}
839: {(3, 14): [3, 1, 11, 14], (14, 4): [14, 11, 4], (14, 7): [14, 14, 14, 14]}
840: {(3, 14): [3, 1, 11, 14], (14, 4): [14, 11, 4], (14, 7): [14, 14, 14, 14]}
841: {(3, 14): [3, 1, 11, 14], (14, 4): [14, 11, 4], (14, 7): [14, 14, 14, 14]}
842: {(3, 14): [3, 1, 11, 14], (14, 4): [14, 11, 4], (14, 7): [14, 14, 14, 14]}
843: {(3, 14): [3, 1, 11, 14], (14, 4): [14, 11, 4], (14, 7): [14, 14, 14, 14]}
844: {(3, 14): [3, 1, 11, 14], (14, 4): [14, 11, 4], (14, 7): [14, 14, 14, 14]}
845: {(3, 14): [3, 1, 11, 14], (14, 4): [14, 11, 4], (14, 7): [14, 14, 14, 14]}
846: {(3, 14): [3, 1, 11, 14], (14, 4): [14, 11, 4], (14, 7): [14, 14, 14, 14]}
847: {(3, 14): [3, 1, 11, 14], (14, 4): [14, 11, 4], (14, 7): [14, 14, 14, 14]}
848: {(3, 14): [3, 1, 11, 14], (14, 4): [14, 11, 4], (14, 7): [14, 14, 14, 14]}
849: {(3, 14): [3, 1, 11, 14], (14, 4): [14, 11, 4], (14, 7): [14, 14, 14, 14]}
850: {(3, 14): [3, 1, 11, 14], (14, 4): [14, 11, 4], (14, 7): [14, 14, 14, 14]}
851: {(3, 14): [3, 1, 11, 14], (14, 4): [14, 11, 4], (14, 7): [14, 14, 14, 14]}
852: {(3, 14): [3, 1, 11, 14], (14, 4): [14, 11, 4], (14, 7): [14, 14, 14, 14]}
853: {(3, 14): [3, 1, 11, 14], (14, 4): [14, 11, 4], (14, 7): [14, 14, 14, 14]}
854: {(3, 14): [3, 1, 11, 14], (14, 4): [14, 11, 4], (14, 7): [14, 14, 14, 14]}
855: {(3, 14): [3, 1, 11, 14], (14, 4): [14, 11, 4], (14, 7): [14, 14, 14, 14]}
856: {(3, 14): [3, 1, 11, 14], (14, 4): [14, 11, 4], (14, 7): [14, 14, 14, 14]}
857: {(3, 14): [3, 1, 11, 14], (14, 4): [14, 11, 4], (14, 7): [14, 14, 14, 14]}
858: {(3, 14): [3, 1, 11, 14], (14, 4): [14, 11, 4], (14, 7): [14, 14, 14, 14]}
859: {(3, 14): [3, 1, 11, 14], (14, 4): [14, 11, 4], (14, 7): [14, 14, 14, 14]}
860: {(3, 14): [3, 1, 11, 14], (14, 4): [14, 11, 4], (14, 7): [14, 14, 14, 14]}
861: {(3, 14): [3, 1, 11, 14], (14, 4): [14, 11, 4], (14, 7): [14, 14, 14, 14]}
862: {(3, 14): [3, 1, 11, 14], (14, 4): [14, 11, 4], (14, 7): [14, 14, 14, 14]}
863: {(3, 14): [3, 1, 11, 14], (14, 4): [14, 11, 4], (14, 7): [14, 14, 14, 14]}
864: {(3, 14): [3, 1, 11, 14], (14, 4): [14, 11, 4], (14, 7): [14, 14, 14, 14]}
865: {(3, 14): [3, 1, 11, 14], (14, 4): [14, 11, 4], (14, 7): [14, 14, 14, 14]}
866: {(3, 14): [3, 1, 11, 14], (14, 4): [14, 11, 4], (14, 7): [14, 14, 14, 14]}
867: {(3, 14): [3, 1, 11, 14], (14, 4): [14, 11, 4], (14, 7): [14, 14, 14, 14]}
868: {(3, 14): [3, 1, 11, 14], (14, 4): [14, 11, 4], (14, 7): [14, 14, 14, 14]}
869: {(3, 14): [3, 1, 11, 14], (14, 4): [14, 11, 4], (14, 7): [14, 14, 14, 14]}
870: {(3, 14): [3, 1, 11, 14], (14, 4): [14, 11, 4], (14, 7): [14, 14, 14, 14]}
871: {(3, 14): [3, 1, 11, 14], (14, 4): [14, 11, 4], (14, 7): [14, 14, 14, 14]}
872: {(3, 14): [3, 1, 11, 14], (14, 4): [14, 11, 4], (14, 7): [14, 14, 14, 14]}
873: {(3, 14): [3, 1, 11, 14], (14, 4): [14, 11, 4], (14, 7): [14, 14, 14, 14]}
874: {(3, 14): [3, 1, 11, 14], (14, 4): [14, 11, 4], (14, 7): [14, 14, 14, 14]}
875: {(3, 14): [3, 1, 11, 14], (14, 4): [14, 11, 4], (14, 7): [14, 14, 14, 14]}
876: {(3, 14): [3, 1, 11, 14], (14, 4): [14, 11, 4], (14, 7): [14, 14, 14, 14]}
877: {(3, 14): [3, 1, 11, 14], (14, 4): [14, 11, 4], (14, 7): [14, 14, 14, 14]}
878: {(3, 14): [3, 1, 11, 14], (14, 4): [14, 11, 4], (14, 7): [14, 14, 14, 14]}
879: {(3, 14): [3, 1, 11, 14], (14, 4): [14, 11, 4], (14, 7): [14, 14, 14, 14]}
880: {(3, 14): [3, 1, 11, 14], (14, 4): [14, 11, 4], (14, 7): [14, 14, 14, 14]}
881: {(3, 14): [3, 1, 11, 14], (14, 4): [14, 11, 4], (14, 7): [14, 14, 14, 14]}
882: {(3, 14): [3, 1, 11, 14], (14, 4): [14, 11, 4], (14, 7): [14, 14, 14, 14]}
883: {(3, 14): [3, 1, 11, 14], (14, 4): [14, 11, 4], (14, 7): [14, 14, 14, 14]}
884: {(3, 14): [3, 1, 11, 14], (14, 4): [14, 11, 4], (14, 7): [14, 14, 14, 14]}
885: {(3, 14): [3, 1, 11, 14], (14, 4): [14, 11, 4], (14, 7): [14, 14, 14, 14]}
886: {(3, 14): [3, 1, 11, 14], (14, 4): [14, 11, 4], (14, 7): [14, 14, 14, 14]}
887: {(3, 14): [3, 1, 11, 14], (14, 4): [14, 11, 4], (14, 7): [14, 14, 14, 14]}
888: {(3, 14): [3, 1, 11, 14], (14, 4): [14, 11, 4], (14, 7): [14, 14, 14, 14]}
889: {(3, 14): [3, 1, 11, 14], (14, 4): [14, 11, 4], (14, 7): [14, 14, 14, 14]}
890: {(3, 14): [3, 1, 11, 14], (14, 4): [14, 11, 4], (14, 7): [14, 14, 14, 14]}
891: {(3, 14): [3, 1, 11, 14], (14, 4): [14, 11, 4], (14, 7): [14, 14, 14, 14]}
892: {(3, 14): [3, 1, 11, 14], (14, 4): [14, 11, 4], (14, 7): [14, 14, 14, 14]}
893: {(3, 14): [3, 1, 11, 14], (14, 4): [14, 11, 4], (14, 7): [14, 14, 14, 14]}
894: {(3, 14): [3, 1, 11, 14], (14, 4): [14, 11, 4], (14, 7): [14, 14, 14, 14]}
895: {(3, 14): [3, 1, 11, 14], (14, 4): [14, 11, 4], (14, 7): [14, 14, 14, 14]}
896: {(3, 14): [3, 1, 11, 14], (14, 4): [14, 11, 4], (14, 7): [14, 14, 14, 14]}
897: {(3, 14): [3, 1, 11, 14], (14, 4): [14, 11, 4], (14, 7): [14, 14, 14, 14]}
898: {(3, 14): [3, 1, 11, 14], (14, 4): [14, 11, 4], (14, 7): [14, 14, 14, 14]}
899: {(3, 14): [3, 1, 11, 14], (14, 4): [14, 11, 4], (14, 7): [14, 14, 14, 14]}
900: {(3, 14): [3, 1, 11, 14], (14, 4): [14, 11, 4], (14, 7): [14, 14, 14, 14]}
901: {(3, 14): [3, 1, 11, 14], (14, 4): [14, 11, 4], (14, 7): [14, 14, 14, 14]}
902: {(3, 14): [3, 1, 11, 14], (14, 4): [14, 11, 4], (14, 7): [14, 14, 14, 14]}
903: {(3, 14): [3, 1, 11, 14], (14, 4): [14, 11, 4], (14, 7): [14, 14, 14, 14]}
904: {(3, 14): [3, 1, 11, 14], (14, 4): [14, 11, 4], (14, 7): [14, 14, 14, 14]}
905: {(3, 14): [3, 1, 11, 14], (14, 4): [14, 11, 4], (14, 7): [14, 14, 14, 14]}
906: {(3, 14): [3, 1, 11, 14], (14, 4): [14, 11, 4], (14, 7): [14, 14, 14, 14]}
907: {(3, 14): [3, 1, 11, 14], (14, 4): [14, 11, 4], (14, 7): [14, 14, 14, 14]}
908: {(3, 14): [3, 1, 11, 14], (14, 4): [14, 11, 4], (14, 7): [14, 14, 14, 14]}
909: {(3, 14): [3, 1, 11, 14], (14, 4): [14, 11, 4], (14, 7): [14, 14, 14, 14]}
910: {(3, 14): [3, 1, 11, 14], (14, 4): [14, 11, 4], (14, 7): [14, 14, 14, 14]}
911: {(3, 14): [3, 1, 11, 14], (14, 4): [14, 11, 4], (14, 7): [14, 14, 14, 14]}
912: {(3, 14): [3, 1, 11, 14], (14, 4): [14, 11, 4], (14, 7): [14, 14, 14, 14]}
913: {(3, 14): [3, 1, 11, 14], (14, 4): [14, 11, 4], (14, 7): [14, 14, 14, 14]}
914: {(3, 14): [3, 1, 11, 14], (14, 4): [14, 11, 4], (14, 7): [14, 14, 14, 14]}
915: {(3, 14): [3, 1, 11, 14], (14, 4): [14, 11, 4], (14, 7): [14, 14, 14, 14]}
916: {(3, 14): [3, 1, 11, 14], (14, 4): [14, 11, 4], (14, 7): [14, 14, 14, 14]}
917: {(3, 14): [3, 1, 11, 14], (14, 4): [14, 11, 4], (14, 7): [14, 14, 14, 14]}
918: {(3, 14): [3, 1, 11, 14], (14, 4): [14, 11, 4], (14, 7): [14, 14, 14, 14]}
919: {(3, 14): [3, 1, 11, 14], (14, 4): [14, 11, 4], (14, 7): [14, 14, 14, 14]}
920: {(3, 14): [3, 1, 11, 14], (14, 4): [14, 11, 4], (14, 7): [14, 14, 14, 14]}
921: {(3, 14): [3, 1, 11, 14], (14, 4): [14, 11, 4], (14, 7): [14, 14, 14, 14]}
922: {(3, 14): [3, 1, 11, 14], (14, 4): [14, 11, 4], (14, 7): [14, 14, 14, 14]}
923: {(3, 14): [3, 1, 11, 14], (14, 4): [14, 11, 4], (14, 7): [14, 14, 14, 14]}
924: {(3, 14): [3, 1, 11, 14], (14, 4): [14, 11, 4], (14, 7): [14, 14, 14, 14]}
925: {(3, 14): [3, 1, 11, 14], (14, 4): [14, 11, 4], (14, 7): [14, 14, 14, 14]}
926: {(3, 14): [3, 1, 11, 14], (14, 4): [14, 11, 4], (14, 7): [14, 14, 14, 14]}
927: {(3, 14): [3, 1, 11, 14], (14, 4): [14, 11, 4], (14, 7): [14, 14, 14, 14]}
928: {(3, 14): [3, 1, 11, 14], (14, 4): [14, 11, 4], (14, 7): [14, 14, 14, 14]}
929: {(3, 14): [3, 1, 11, 14], (14, 4): [14, 11, 4], (14, 7): [14, 14, 14, 14]}
930: {(3, 14): [3, 1, 11, 14], (14, 4): [14, 11, 4], (14, 7): [14, 14, 14, 14]}
931: {(3, 14): [3, 1, 11, 14], (14, 4): [14, 11, 4], (14, 7): [14, 14, 14, 14]}
932: {(3, 14): [3, 1, 11, 14], (14, 4): [14, 11, 4], (14, 7): [14, 14, 14, 14]}
933: {(3, 14): [3, 1, 11, 14], (14, 4): [14, 11, 4], (14, 7): [14, 14, 14, 14]}
934: {(3, 14): [3, 1, 11, 14], (14, 4): [14, 11, 4], (14, 7): [14, 14, 14, 14]}
935: {(3, 14): [3, 1, 11, 14], (14, 4): [14, 11, 4], (14, 7): [14, 14, 14, 14]}
936: {(3, 14): [3, 1, 11, 14], (14, 4): [14, 11, 4], (14, 7): [14, 14, 14, 14]}
937: {(3, 14): [3, 1, 11, 14], (14, 4): [14, 11, 4], (14, 7): [14, 14, 14, 14]}
938: {(3, 14): [3, 1, 11, 14], (14, 4): [14, 11, 4], (14, 7): [14, 14, 14, 14]}
939: {(3, 14): [3, 1, 11, 14], (14, 4): [14, 11, 4], (14, 7): [14, 14, 14, 14]}
940: {(3, 14): [3, 1, 11, 14], (14, 4): [14, 11, 4], (14, 7): [14, 14, 14, 14]}
941: {(3, 14): [3, 1, 11, 14], (14, 4): [14, 11, 4], (14, 7): [14, 14, 14, 14]}
942: {(3, 14): [3, 1, 11, 14], (14, 4): [14, 11, 4], (14, 7): [14, 14, 14, 14]}
943: {(3, 14): [3, 1, 11, 14], (14, 4): [14, 11, 4], (14, 7): [14, 14, 14, 14]}
944: {(3, 14): [3, 1, 11, 14], (14, 4): [14, 11, 4], (14, 7): [14, 14, 14, 14]}
945: {(3, 14): [3, 1, 11, 14], (14, 4): [14, 11, 4], (14, 7): [14, 14, 14, 14]}
946: {(3, 14): [3, 1, 11, 14], (14, 4): [14, 11, 4], (14, 7): [14, 14, 14, 14]}
947: {(3, 14): [3, 1, 11, 14], (14, 4): [14, 11, 4], (14, 7): [14, 14, 14, 14]}
948: {(3, 14): [3, 1, 11, 14], (14, 4): [14, 11, 4], (14, 7): [14, 14, 14, 14]}
949: {(3, 14): [3, 1, 11, 14], (14, 4): [14, 11, 4], (14, 7): [14, 14, 14, 14]}
950: {(3, 14): [3, 1, 11, 14], (14, 4): [14, 11, 4], (14, 7): [14, 14, 14, 14]}
951: {(3, 14): [3, 1, 11, 14], (14, 4): [14, 11, 4], (14, 7): [14, 14, 14, 14]}
952: {(3, 14): [3, 1, 11, 14], (14, 4): [14, 11, 4], (14, 7): [14, 14, 14, 14]}
953: {(3, 14): [3, 1, 11, 14], (14, 4): [14, 11, 4], (14, 7): [14, 14, 14, 14]}
954: {(3, 14): [3, 1, 11, 14], (14, 4): [14, 11, 4], (14, 7): [14, 14, 14, 14]}
955: {(3, 14): [3, 1, 11, 14], (14, 4): [14, 11, 4], (14, 7): [14, 14, 14, 14]}
956: {(3, 14): [3, 1, 11, 14], (14, 4): [14, 11, 4], (14, 7): [14, 14, 14, 14]}
957: {(3, 14): [3, 1, 11, 14], (14, 4): [14, 11, 4], (14, 7): [14, 14, 14, 14]}
958: {(3, 14): [3, 1, 11, 14], (14, 4): [14, 11, 4], (14, 7): [14, 14, 14, 14]}
959: {(3, 14): [3, 1, 11, 14], (14, 4): [14, 11, 4], (14, 7): [14, 14, 14, 14]}
960: {(3, 14): [3, 1, 11, 14], (14, 4): [14, 11, 4], (14, 7): [14, 14, 14, 14]}
961: {(3, 14): [3, 1, 11, 14], (14, 4): [14, 11, 4], (14, 7): [14, 14, 14, 14]}
962: {(3, 14): [3, 1, 11, 14], (14, 4): [14, 11, 4], (14, 7): [14, 14, 14, 14]}
963: {(3, 14): [3, 1, 11, 14], (14, 4): [14, 11, 4], (14, 7): [14, 14, 14, 14]}
964: {(3, 14): [3, 1, 11, 14], (14, 4): [14, 11, 4], (14, 7): [14, 14, 14, 14]}
965: {(3, 14): [3, 1, 11, 14], (14, 4): [14, 11, 4], (14, 7): [14, 14, 14, 14]}
966: {(3, 14): [3, 1, 11, 14], (14, 4): [14, 11, 4], (14, 7): [14, 14, 14, 14]}
967: {(3, 14): [3, 1, 11, 14], (14, 4): [14, 11, 4], (14, 7): [14, 14, 14, 14]}
968: {(3, 14): [3, 1, 11, 14], (14, 4): [14, 11, 4], (14, 7): [14, 14, 14, 14]}
969: {(3, 14): [3, 1, 11, 14], (14, 4): [14, 11, 4], (14, 7): [14, 14, 14, 14]}
970: {(3, 14): [3, 1, 11, 14], (14, 4): [14, 11, 4], (14, 7): [14, 14, 14, 14]}
971: {(3, 14): [3, 1, 11, 14], (14, 4): [14, 11, 4], (14, 7): [14, 14, 14, 14]}
972: {(3, 14): [3, 1, 11, 14], (14, 4): [14, 11, 4], (14, 7): [14, 14, 14, 14]}
973: {(3, 14): [3, 1, 11, 14], (14, 4): [14, 11, 4], (14, 7): [14, 14, 14, 14]}
974: {(3, 14): [3, 1, 11, 14], (14, 4): [14, 11, 4], (14, 7): [14, 14, 14, 14]}
975: {(3, 14): [3, 1, 11, 14], (14, 4): [14, 11, 4], (14, 7): [14, 14, 14, 14]}
976: {(3, 14): [3, 1, 11, 14], (14, 4): [14, 11, 4], (14, 7): [14, 14, 14, 14]}
977: {(3, 14): [3, 1, 11, 14], (14, 4): [14, 11, 4], (14, 7): [14, 14, 14, 14]}
978: {(3, 14): [3, 1, 11, 14], (14, 4): [14, 11, 4], (14, 7): [14, 14, 14, 14]}
979: {(3, 14): [3, 1, 11, 14], (14, 4): [14, 11, 4], (14, 7): [14, 14, 14, 14]}
980: {(3, 14): [3, 1, 11, 14], (14, 4): [14, 11, 4], (14, 7): [14, 14, 14, 14]}
981: {(3, 14): [3, 1, 11, 14], (14, 4): [14, 11, 4], (14, 7): [14, 14, 14, 14]}
982: {(3, 14): [3, 1, 11, 14], (14, 4): [14, 11, 4], (14, 7): [14, 14, 14, 14]}
983: {(3, 14): [3, 1, 11, 14], (14, 4): [14, 11, 4], (14, 7): [14, 14, 14, 14]}
984: {(3, 14): [3, 1, 11, 14], (14, 4): [14, 11, 4], (14, 7): [14, 14, 14, 14]}
985: {(3, 14): [3, 1, 11, 14], (14, 4): [14, 11, 4], (14, 7): [14, 14, 14, 14]}
986: {(3, 14): [3, 1, 11, 14], (14, 4): [14, 11, 4], (14, 7): [14, 14, 14, 14]}
987: {(3, 14): [3, 1, 11, 14], (14, 4): [14, 11, 4], (14, 7): [14, 14, 14, 14]}
988: {(3, 14): [3, 1, 11, 14], (14, 4): [14, 11, 4], (14, 7): [14, 14, 14, 14]}
989: {(3, 14): [3, 1, 11, 14], (14, 4): [14, 11, 4], (14, 7): [14, 14, 14, 14]}
990: {(3, 14): [3, 1, 11, 14], (14, 4): [14, 11, 4], (14, 7): [14, 14, 14, 14]}
991: {(3, 14): [3, 1, 11, 14], (14, 4): [14, 11, 4], (14, 7): [14, 14, 14, 14]}
992: {(3, 14): [3, 1, 11, 14], (14, 4): [14, 11, 4], (14, 7): [14, 14, 14, 14]}
993: {(3, 14): [3, 1, 11, 14], (14, 4): [14, 11, 4], (14, 7): [14, 14, 14, 14]}
994: {(3, 14): [3, 1, 11, 14], (14, 4): [14, 11, 4], (14, 7): [14, 14, 14, 14]}
995: {(3, 14): [3, 1, 11, 14], (14, 4): [14, 11, 4], (14, 7): [14, 14, 14, 14]}
996: {(3, 14): [3, 1, 11, 14], (14, 4): [14, 11, 4], (14, 7): [14, 14, 14, 14]}
997: {(3, 14): [3, 1, 11, 14], (14, 4): [14, 11, 4], (14, 7): [14, 14, 14, 14]}
998: {(3, 14): [3, 1, 11, 14], (14, 4): [14, 11, 4], (14, 7): [14, 14, 14, 14]}
999: {(3, 14): [3, 1, 11, 14], (14, 4): [14, 11, 4], (14, 7): [14, 14, 14, 14]}
